 1 3.0002281E+04  59.9806 5.728 4.683 0.680000 0.300000 0.004466 0.000072 0.001397 0.010607 0.000007 0.000024 0.001420 0.000114   0.7464          -6.563 0.332 7.611 0.677590 0.301766 0.000108 0.000034 0.006821 0.010289 0.000011 0.000000 0.001420 0.000114
 2 4.8163662E+05  59.7622 5.754 4.671 0.680000 0.300000 0.004466 0.000072 0.001397 0.010607 0.000007 0.000024 0.001420 0.000114   0.7207          -6.243 0.297 7.603 0.619529 0.360514 0.000178 0.000055 0.011420 0.004918 0.000005 0.000000 0.001420 0.000114
 3 1.0419832E+06  59.3675 5.789 4.659 0.680000 0.300000 0.004466 0.000072 0.001397 0.010607 0.000007 0.000024 0.001420 0.000114   0.6866          -6.068 0.293 7.605 0.539385 0.440979 0.000214 0.000067 0.013570 0.002401 0.000002 0.000000 0.001420 0.000114
 4 1.5312086E+06  58.8459 5.821 4.644 0.680000 0.300000 0.004466 0.000072 0.001397 0.010607 0.000007 0.000024 0.001420 0.000114   0.6562          -5.876 0.300 7.611 0.459968 0.520532 0.000233 0.000072 0.014467 0.001345 0.000001 0.000000 0.001420 0.000114
 5 1.9658422E+06  58.1114 5.849 4.623 0.680000 0.300000 0.004466 0.000072 0.001397 0.010607 0.000007 0.000024 0.001420 0.000114   0.6261          -5.675 0.315 7.618 0.380014 0.600552 0.000245 0.000076 0.014895 0.000835 0.000001 0.000000 0.001420 0.000114
 6 2.3532332E+06  57.0588 5.876 4.594 0.680000 0.300000 0.004466 0.000072 0.001397 0.010607 0.000007 0.000024 0.001420 0.000114   0.5987          -5.466 0.338 7.627 0.299285 0.681314 0.000253 0.000079 0.015108 0.000579 0.000001 0.000000 0.001420 0.000114
 7 2.6933812E+06  55.5756 5.900 4.553 0.680000 0.300000 0.004466 0.000072 0.001397 0.010607 0.000007 0.000024 0.001420 0.000114   0.5748          -5.266 0.371 7.637 0.219259 0.761359 0.000262 0.000082 0.015208 0.000448 0.000000 0.000000 0.001420 0.000114
 8 2.9171232E+06  54.1263 5.916 4.498 0.680000 0.300000 0.004466 0.000072 0.001397 0.010607 0.000007 0.000024 0.001420 0.000114   0.5613          -5.127 0.405 7.647 0.160943 0.819683 0.000270 0.000084 0.015246 0.000392 0.000000 0.000000 0.001420 0.000114
 9 3.1303062E+06  52.3345 5.933 4.410 0.680000 0.300000 0.004465 0.000073 0.001397 0.010607 0.000007 0.000024 0.001420 0.000114   0.5491          -5.039 0.454 7.662 0.100289 0.880344 0.000282 0.000088 0.015263 0.000352 0.000000 0.000000 0.001420 0.000114
10 3.2569370E+06  51.1348 5.945 4.316 0.680000 0.300000 0.004464 0.000074 0.001397 0.010607 0.000007 0.000024 0.001420 0.000114   0.5417          -5.007 0.501 7.677 0.061379 0.919259 0.000291 0.000091 0.015267 0.000331 0.000000 0.000000 0.001420 0.000114
11 3.4405020E+06  48.1880 5.968 4.028 0.679998 0.300002 0.004448 0.000092 0.001398 0.010607 0.000007 0.000024 0.001420 0.000114   0.5427          -4.408 0.806 7.775 0.001738 0.978921 0.000377 0.000117 0.015170 0.000295 0.000000 0.000000 0.001420 0.000114
12 3.4457690E+06  47.9954 5.976 4.049 0.679998 0.300003 0.004445 0.000095 0.001399 0.010607 0.000007 0.000024 0.001420 0.000114   0.5345          -4.480 0.992 7.836 0.000167 0.980502 0.000430 0.000132 0.015094 0.000292 0.000000 0.000000 0.001420 0.000114
13 3.4469270E+06  47.9597 5.987 4.078 0.679998 0.300003 0.004444 0.000096 0.001399 0.010607 0.000007 0.000024 0.001420 0.000114   0.4596          -4.558 1.300 7.937 0.000000 0.980674 0.000457 0.000139 0.015056 0.000292 0.000000 0.000000 0.001420 0.000114
14 3.4477908E+06  47.9398 5.993 4.141 0.679998 0.300003 0.004444 0.000096 0.001399 0.010607 0.000007 0.000024 0.001420 0.000114   0.4202          -4.731 1.585 8.029 0.000000 0.980674 0.000457 0.000139 0.015056 0.000292 0.000000 0.000000 0.001420 0.000114
15 3.4489025E+06  47.9173 5.991 4.098 0.679998 0.300003 0.004444 0.000097 0.001399 0.010607 0.000007 0.000024 0.001420 0.000114   0.3484          -4.620 1.776 8.085 0.000000 0.980673 0.000457 0.000136 0.015056 0.000295 0.000000 0.000000 0.001420 0.000114
16 3.4495380E+06  47.8979 5.987 4.038 0.679998 0.300003 0.004443 0.000097 0.001399 0.010607 0.000007 0.000024 0.001420 0.000114   0.3515          -4.420 1.880 8.116 0.000000 0.980670 0.000457 0.000126 0.015056 0.000307 0.000000 0.000000 0.001420 0.000114
17 3.4499085E+06  47.8794 5.982 3.984 0.679998 0.300003 0.004443 0.000098 0.001399 0.010607 0.000007 0.000024 0.001420 0.000114   0.3131          -4.201 1.942 8.135 0.000000 0.980664 0.000457 0.000105 0.015056 0.000333 0.000000 0.000000 0.001420 0.000114
18 3.4501205E+06  47.8601 5.980 3.924 0.679998 0.300003 0.004443 0.000098 0.001399 0.010607 0.000007 0.000024 0.001420 0.000114   0.3035          -3.974 1.978 8.146 0.000000 0.980657 0.000457 0.000084 0.015056 0.000359 0.000000 0.000001 0.001420 0.000114
19 3.4503850E+06  47.8043 5.975 3.856 0.679998 0.300003 0.004442 0.000098 0.001399 0.010607 0.000007 0.000024 0.001420 0.000114   0.3172          -3.639 2.023 8.160 0.000000 0.980646 0.000457 0.000049 0.015054 0.000403 0.000000 0.000003 0.001420 0.000114
20 3.4518280E+06  47.2205 5.972 3.804 0.669024 0.310702 0.001679 0.000104 0.005735 0.009342 0.000009 0.000008 0.001420 0.000114   0.3631          -3.323 2.249 8.230 0.000000 0.980401 0.000469 0.000001 0.014290 0.000462 0.000000 0.000985 0.001420 0.000114
21 3.4537020E+06  45.5766 6.052 3.781 0.563566 0.416584 0.000470 0.000076 0.011479 0.004435 0.000005 0.000002 0.001420 0.000114   0.4553          -2.923 2.327 8.256 0.000000 0.978005 0.000631 0.000000 0.006494 0.000463 0.000000 0.010984 0.001420 0.000144
22 3.4639655E+06  34.5348 6.087 4.284 0.204426 0.776194 0.000276 0.000086 0.015180 0.000457 0.000000 0.000000 0.001420 0.000114   0.6393   4.449  -4.398 2.470 8.305 0.000000 0.954676 0.019406 0.000002 0.000249 0.000596 0.000000 0.007159 0.001420 0.014628
23 3.4795510E+06  33.9114 6.081 4.306 0.203105 0.777516 0.000284 0.000089 0.015169 0.000455 0.000000 0.000000 0.001420 0.000114   0.6757   4.495  -4.398 2.492 8.314 0.000000 0.901033 0.069838 0.000000 0.000000 0.002155 0.000000 0.000385 0.001406 0.023259
24 3.4925668E+06  33.3908 6.078 4.311 0.201673 0.778948 0.000283 0.000088 0.015172 0.000454 0.000000 0.000000 0.001420 0.000114   0.6956   4.538  -4.398 2.499 8.317 0.000000 0.851450 0.116145 0.000000 0.000000 0.005343 0.000000 0.000033 0.001406 0.023642
25 3.5064610E+06  32.8350 6.073 4.356 0.200834 0.779787 0.000283 0.000088 0.015173 0.000453 0.000000 0.000000 0.001420 0.000114   0.7184   4.614  -4.398 2.504 8.321 0.000000 0.799665 0.162512 0.000000 0.000000 0.010748 0.000000 0.000022 0.001406 0.023597
26 3.5203955E+06  32.2776 6.064 4.411 0.200693 0.779928 0.000281 0.000088 0.015177 0.000452 0.000000 0.000000 0.001420 0.000114   0.7422   4.706  -4.398 2.510 8.324 0.000000 0.749237 0.205319 0.000000 0.000002 0.018361 0.000000 0.000036 0.001406 0.023510
27 3.5351498E+06  31.6874 6.050 4.464 0.200230 0.780390 0.000278 0.000087 0.015180 0.000452 0.000000 0.000000 0.001420 0.000114   0.7678   4.798  -4.398 2.517 8.327 0.000000 0.699764 0.244580 0.000000 0.000000 0.028564 0.000000 0.000066 0.001406 0.023396
28 3.5507238E+06  31.0644 6.026 4.522 0.199605 0.781013 0.000264 0.000085 0.015201 0.000451 0.000000 0.000000 0.001420 0.000114   0.7984   4.906  -4.398 2.521 8.330 0.000000 0.649877 0.281104 0.000000 0.000011 0.041921 0.000000 0.000093 0.001406 0.023250
29 3.5662975E+06  30.4415 5.998 4.565 0.198783 0.781819 0.000182 0.000058 0.015326 0.000450 0.000001 0.000000 0.001420 0.000114   0.8275   4.992  -4.398 2.536 8.335 0.000000 0.599756 0.314778 0.000000 0.000001 0.058325 0.000000 0.000020 0.001406 0.023240
30 3.5818715E+06  29.8185 5.989 4.585 0.186052 0.794555 0.000200 0.000064 0.015307 0.000440 0.000001 0.000000 0.001420 0.000114   0.8505   5.031  -4.398 2.549 8.339 0.000000 0.550061 0.344793 0.000000 0.000000 0.077976 0.000000 0.000003 0.001407 0.023126
31 3.5974452E+06  29.1955 5.986 4.648 0.032748 0.947881 0.000226 0.000072 0.015387 0.000304 0.000000 0.000000 0.001420 0.000114   0.8673   5.121  -4.398 2.563 8.343 0.000000 0.499369 0.371783 0.000000 0.000000 0.101646 0.000000 0.000000 0.001407 0.022963
32 3.6050192E+06  28.8015 5.977 4.424 0.000047 0.980609 0.000341 0.000107 0.015246 0.000270 0.000000 0.000000 0.001420 0.000114   0.8639   5.132  -3.671 2.568 8.344 0.000000 0.475439 0.382922 0.000000 0.000000 0.114420 0.000000 0.000000 0.001407 0.022872
33 3.6207570E+06  25.7933 5.909 4.381 0.000000 0.474527 0.383141 0.000000 0.000012 0.115121 0.000000 0.000003 0.001407 0.022845   0.8253   5.157  -3.486 2.595 8.343 0.000000 0.429989 0.400792 0.000000 0.000000 0.141967 0.000000 0.000000 0.001407 0.022685
34 3.6526942E+06  18.8476 5.713 4.464 0.000000 0.405541 0.408656 0.000000 0.000000 0.158532 0.000000 0.000000 0.001407 0.022581   0.7982   5.147  -3.825 2.688 8.342 0.000000 0.351560 0.422277 0.000000 0.000000 0.198846 0.000000 0.000000 0.001407 0.022337
35 3.6753148E+06  16.1042 5.612 4.503 0.000000 0.369126 0.418515 0.000000 0.000000 0.185057 0.000000 0.000000 0.001407 0.022419   0.7802   5.142  -3.998 2.742 8.344 0.000000 0.300610 0.428972 0.000000 0.000000 0.243052 0.000000 0.000000 0.001408 0.022070
36 3.6999918E+06  14.0366 5.524 4.536 0.000000 0.330799 0.425814 0.000000 0.000000 0.216052 0.000000 0.000000 0.001408 0.022233   0.7629   5.138  -4.148 2.795 8.347 0.000000 0.249310 0.427767 0.000000 0.000000 0.295497 0.000000 0.000000 0.001409 0.021741
37 3.7259025E+06  12.4624 5.446 4.563 0.000000 0.296207 0.429214 0.000000 0.000000 0.247208 0.000000 0.000000 0.001408 0.022045   0.7461   5.134  -4.278 2.848 8.353 0.000000 0.200224 0.416591 0.000000 0.000000 0.355681 0.000000 0.000000 0.001410 0.021323
38 3.7556485E+06  11.1127 5.372 4.590 0.000000 0.260986 0.428867 0.000000 0.000000 0.282737 0.000000 0.000000 0.001408 0.021823   0.7281   5.133  -4.403 2.907 8.360 0.000000 0.149754 0.390921 0.000000 0.000000 0.431705 0.000000 0.000000 0.001413 0.020700
39 3.7892398E+06   9.9617 5.302 4.615 0.000000 0.222990 0.423192 0.000000 0.000000 0.326353 0.000000 0.000000 0.001409 0.021533   0.7084   5.134  -4.522 2.979 8.373 0.000000 0.099753 0.345245 0.000000 0.000000 0.527183 0.000000 0.000000 0.001423 0.019664
40 3.8284422E+06   8.9394 5.236 4.643 0.000000 0.184794 0.410482 0.000000 0.000000 0.377191 0.000000 0.000000 0.001411 0.021160   0.6864   5.138  -4.641 3.079 8.394 0.000000 0.050156 0.269364 0.000000 0.000000 0.652211 0.000000 0.000000 0.001477 0.017490
41 3.8464525E+06   8.5514 5.211 4.656 0.000000 0.168409 0.402392 0.000000 0.000000 0.401629 0.000000 0.000000 0.001412 0.020963   0.6755   5.144  -4.690 3.142 8.410 0.000000 0.030215 0.226480 0.000000 0.000000 0.714601 0.000000 0.000000 0.001586 0.015705
42 3.8657110E+06   8.1806 5.192 4.674 0.000000 0.151377 0.392021 0.000000 0.000000 0.428986 0.000000 0.000000 0.001413 0.020724   0.6615   5.158  -4.739 3.247 8.440 0.000000 0.010455 0.175991 0.000000 0.000000 0.783655 0.000000 0.000000 0.002177 0.012441
43 3.8769972E+06   7.9813 5.222 4.709 0.000000 0.142672 0.385860 0.000000 0.000000 0.443826 0.000000 0.000000 0.001414 0.020586   0.0000   5.203  -4.767 3.557 8.539 0.000000 0.000000 0.149221 0.000000 0.000000 0.816558 0.000000 0.000000 0.005784 0.008992
44 3.8814675E+06   7.9058 5.295 4.758 0.000000 0.140200 0.383999 0.000000 0.000000 0.448151 0.000000 0.000000 0.001414 0.020545   0.0000   5.275  -4.777 4.072 8.699 0.000000 0.000000 0.149221 0.000000 0.000000 0.816558 0.000000 0.000000 0.005784 0.008992
45 3.8850770E+06   7.8461 5.333 4.775 0.000000 0.136529 0.381132 0.000000 0.000000 0.454677 0.000000 0.000000 0.001415 0.020481   0.0000   5.293  -4.786 4.532 8.799 0.000000 0.000000 0.149162 0.000000 0.000000 0.816519 0.000000 0.000000 0.005882 0.008992
46 3.8859495E+06   7.8318 5.361 4.780 0.000000 0.135861 0.380602 0.000000 0.000000 0.455873 0.000000 0.000000 0.001415 0.020469   0.0000   5.291  -4.788 4.920 8.856 0.000000 0.000000 0.147073 0.000000 0.000000 0.815132 0.000000 0.000000 0.009354 0.008992
47 3.8860818E+06   7.8296 5.370 4.783 0.000000 0.135781 0.380537 0.000000 0.000000 0.456018 0.000000 0.000000 0.001415 0.020468   0.0000   5.296  -4.788 5.172 8.910 0.000000 0.000000 0.121323 0.000000 0.000000 0.798137 0.000000 0.000000 0.051873 0.008992
48 3.8860978E+06   7.8294 5.372 4.784 0.000000 0.135771 0.380530 0.000000 0.000000 0.456035 0.000000 0.000000 0.001415 0.020468   0.0000   5.298  -4.788 5.222 8.929 0.000000 0.000000 0.090249 0.000000 0.000000 0.777927 0.000000 0.000000 0.102424 0.008992
49 3.8861075E+06   7.8292 5.373 4.785 0.000000 0.135765 0.380525 0.000000 0.000000 0.456046 0.000000 0.000000 0.001415 0.020468   0.0000   5.299  -4.788 5.263 8.941 0.000000 0.000000 0.060375 0.000000 0.000000 0.758826 0.000000 0.000000 0.150195 0.008992
50 3.8861198E+06   7.8290 5.375 4.786 0.000000 0.135758 0.380519 0.000000 0.000000 0.456059 0.000000 0.000000 0.001415 0.020468   0.0000   5.301  -4.788 5.352 8.951 0.000000 0.000000 0.030593 0.000000 0.000000 0.740117 0.000000 0.000000 0.196981 0.008992
51 3.8861408E+06   7.8287 5.384 4.794 0.000000 0.135744 0.380508 0.000000 0.000000 0.456083 0.000000 0.000000 0.001415 0.020467   0.0000   5.314  -4.788 6.051 9.061 0.000000 0.000000 0.000143 0.000000 0.000000 0.721484 0.000000 0.000000 0.243574 0.008992
