 1 2.2899565E+05   9.0000 3.617 4.383 0.680000 0.300000 0.004466 0.000072 0.001397 0.010607 0.000007 0.000024 0.001420 0.000114   0.3670          -9.836 0.988 7.488 0.676972 0.302368 0.000073 0.000023 0.006823 0.010318 0.000041 0.000000 0.001420 0.000114
 2 4.3928645E+06   8.9993 3.654 4.376 0.680000 0.300000 0.004466 0.000072 0.001397 0.010607 0.000007 0.000024 0.001420 0.000114   0.3510          -9.730 0.958 7.485 0.620432 0.359432 0.000108 0.000034 0.010379 0.006207 0.000026 0.000000 0.001420 0.000114
 3 9.4280025E+06   8.9981 3.708 4.369 0.680000 0.300000 0.004466 0.000072 0.001397 0.010607 0.000007 0.000024 0.001420 0.000114   0.3271          -9.573 0.945 7.489 0.539755 0.440433 0.000133 0.000042 0.012575 0.003666 0.000014 0.000000 0.001420 0.000114
 4 1.3523448E+07   8.9969 3.760 4.361 0.680000 0.300000 0.004466 0.000072 0.001397 0.010607 0.000007 0.000024 0.001420 0.000114   0.3046          -9.430 0.943 7.496 0.460058 0.520296 0.000149 0.000047 0.013683 0.002378 0.000008 0.000000 0.001420 0.000114
 5 1.6939020E+07   8.9954 3.810 4.352 0.680000 0.300000 0.004466 0.000072 0.001397 0.010607 0.000007 0.000024 0.001420 0.000114   0.2809          -9.296 0.949 7.504 0.379314 0.601137 0.000161 0.000050 0.014326 0.001626 0.000005 0.000000 0.001420 0.000114
 6 1.9716776E+07   8.9937 3.857 4.339 0.680000 0.300000 0.004466 0.000072 0.001397 0.010607 0.000007 0.000024 0.001420 0.000114   0.2579          -9.178 0.962 7.514 0.299725 0.680784 0.000171 0.000054 0.014705 0.001177 0.000003 0.000000 0.001420 0.000114
 7 2.1988034E+07   8.9920 3.899 4.324 0.680000 0.300000 0.004466 0.000072 0.001397 0.010607 0.000007 0.000024 0.001420 0.000114   0.2354          -9.071 0.984 7.526 0.220862 0.759684 0.000181 0.000057 0.014935 0.000898 0.000002 0.000000 0.001420 0.000114
 8 2.3466911E+07   8.9907 3.931 4.310 0.680000 0.300000 0.004466 0.000072 0.001397 0.010607 0.000007 0.000024 0.001420 0.000114   0.2183          -8.995 1.011 7.538 0.160185 0.820380 0.000190 0.000059 0.015049 0.000752 0.000001 0.000000 0.001420 0.000114
 9 2.4735862E+07   8.9893 3.961 4.294 0.680000 0.300000 0.004466 0.000072 0.001397 0.010607 0.000007 0.000024 0.001420 0.000114   0.1985          -8.920 1.052 7.553 0.099489 0.881092 0.000201 0.000063 0.015128 0.000645 0.000001 0.000000 0.001420 0.000114
10 2.5438439E+07   8.9884 3.979 4.285 0.680000 0.300000 0.004466 0.000072 0.001397 0.010607 0.000007 0.000024 0.001420 0.000114   0.1865          -8.871 1.094 7.567 0.060584 0.920006 0.000211 0.000066 0.015161 0.000589 0.000001 0.000000 0.001420 0.000114
11 2.5937632E+07   8.9877 3.995 4.281 0.680000 0.300000 0.004466 0.000072 0.001397 0.010607 0.000007 0.000024 0.001420 0.000114   0.1774          -8.827 1.151 7.587 0.030022 0.950576 0.000227 0.000070 0.015174 0.000549 0.000001 0.000000 0.001420 0.000114
12 2.6353197E+07   8.9870 4.030 4.306 0.680000 0.300000 0.004466 0.000072 0.001397 0.010607 0.000007 0.000024 0.001420 0.000114   0.1628          -8.726 1.358 7.653 0.002260 0.978353 0.000277 0.000086 0.015134 0.000507 0.000000 0.000000 0.001420 0.000114
13 2.6388646E+07   8.9869 4.063 4.328 0.680000 0.300000 0.004466 0.000072 0.001397 0.010607 0.000007 0.000024 0.001420 0.000114   0.0000          -8.596 1.785 7.736 0.000000 0.980626 0.000343 0.000103 0.015044 0.000502 0.000000 0.000000 0.001420 0.000114
14 2.6397641E+07   8.9869 4.031 4.297 0.680000 0.300000 0.004466 0.000072 0.001397 0.010607 0.000007 0.000024 0.001420 0.000114   0.0000          -8.724 2.100 7.750 0.000000 0.980626 0.000343 0.000103 0.015044 0.000502 0.000000 0.000000 0.001420 0.000114
15 2.6419830E+07   8.9868 4.081 4.186 0.680000 0.300000 0.004466 0.000072 0.001397 0.010607 0.000007 0.000024 0.001420 0.000114   0.0000          -8.551 2.611 7.837 0.000000 0.980626 0.000343 0.000103 0.015044 0.000502 0.000000 0.000000 0.001420 0.000114
16 2.6435422E+07   8.9868 4.065 4.075 0.680000 0.300000 0.004466 0.000072 0.001397 0.010607 0.000007 0.000024 0.001420 0.000114   0.0000          -8.413 2.893 7.909 0.000000 0.980626 0.000343 0.000103 0.015044 0.000502 0.000000 0.000000 0.001420 0.000114
17 2.6444897E+07   8.9867 4.022 3.964 0.680000 0.300000 0.004466 0.000072 0.001397 0.010607 0.000007 0.000024 0.001420 0.000114   0.0000          -8.240 3.053 7.957 0.000000 0.980624 0.000343 0.000095 0.015044 0.000512 0.000000 0.000000 0.001420 0.000114
18 2.6451212E+07   8.9867 3.961 3.841 0.680000 0.300000 0.004466 0.000072 0.001397 0.010607 0.000007 0.000024 0.001420 0.000114   0.0000          -7.985 3.158 7.990 0.000000 0.980612 0.000343 0.000056 0.015044 0.000560 0.000000 0.000000 0.001420 0.000114
19 2.6454612E+07   8.9866 3.892 3.727 0.680000 0.300000 0.004466 0.000072 0.001397 0.010607 0.000007 0.000024 0.001420 0.000114   0.0000          -7.699 3.213 8.008 0.000000 0.980600 0.000343 0.000017 0.015043 0.000608 0.000000 0.000000 0.001420 0.000114
20 2.6458012E+07   8.9865 3.727 3.624 0.680000 0.300000 0.004466 0.000072 0.001397 0.010607 0.000007 0.000024 0.001420 0.000114   0.0000          -7.539 3.268 8.027 0.000000 0.980594 0.000343 0.000001 0.015043 0.000629 0.000000 0.000000 0.001420 0.000114
21 2.6501901E+07   8.9748 4.280 3.556 0.657886 0.321994 0.002988 0.000174 0.003796 0.009715 0.000010 0.000018 0.001420 0.000114   0.0749          -6.490 3.418 8.164 0.000000 0.975172 0.004234 0.000000 0.009758 0.000632 0.000000 0.006806 0.000695 0.000062
22 2.6602925E+07   8.9427 4.268 3.557 0.657886 0.321994 0.002988 0.000174 0.003796 0.009715 0.000010 0.000018 0.001420 0.000114   0.0815          -6.505 3.387 8.177 0.000000 0.949314 0.027229 0.000000 0.000408 0.000793 0.000000 0.018692 0.000644 0.000225
23 2.6755618E+07   8.8977 4.225 3.562 0.657886 0.321994 0.002988 0.000174 0.003796 0.009715 0.000010 0.000018 0.001420 0.000114   0.0903          -6.560 3.351 8.185 0.000000 0.900458 0.074806 0.000000 0.000035 0.001876 0.000000 0.018771 0.000586 0.000712
24 2.6908311E+07   8.8590 4.167 3.566 0.657886 0.321994 0.002988 0.000174 0.003796 0.009715 0.000010 0.000018 0.001420 0.000114   0.0972          -6.632 3.328 8.191 0.000000 0.849613 0.123157 0.000000 0.000042 0.004253 0.000000 0.018237 0.000603 0.001357
25 2.7040183E+07   8.8307 4.115 3.570 0.657886 0.321994 0.002988 0.000174 0.003796 0.009715 0.000010 0.000018 0.001420 0.000114   0.1016          -6.704 3.315 8.196 0.000000 0.801839 0.167354 0.000000 0.000053 0.007698 0.000000 0.017623 0.000578 0.002088
26 2.7165114E+07   8.8079 4.074 3.574 0.657886 0.321994 0.002988 0.000174 0.003796 0.009715 0.000010 0.000018 0.001420 0.000114   0.1055          -6.768 3.309 8.200 0.000000 0.750996 0.213153 0.000000 0.000018 0.012567 0.000000 0.016920 0.000592 0.003004
27 2.7293654E+07   8.7874 4.042 3.578 0.657886 0.321994 0.002988 0.000174 0.003796 0.009715 0.000010 0.000018 0.001420 0.000114   0.1084          -6.821 3.305 8.205 0.000000 0.699791 0.257536 0.000000 0.000001 0.019180 0.000000 0.016028 0.000615 0.004123
28 2.7426913E+07   8.7681 4.021 3.580 0.657886 0.321994 0.002988 0.000174 0.003796 0.009715 0.000010 0.000018 0.001420 0.000114   0.1111          -6.857 3.302 8.209 0.000000 0.649085 0.299231 0.000000 0.000002 0.027943 0.000000 0.014912 0.000643 0.005487
29 2.7533521E+07   8.7536 4.012 3.582 0.657886 0.321994 0.002988 0.000174 0.003796 0.009715 0.000010 0.000018 0.001420 0.000114   0.1130          -6.875 3.303 8.213 0.000000 0.599846 0.338692 0.000000 0.000001 0.037457 0.000000 0.013728 0.000646 0.006936
30 2.7644571E+07   8.7391 4.009 3.584 0.657886 0.321994 0.002988 0.000174 0.003796 0.009715 0.000010 0.000018 0.001420 0.000114   0.1149          -6.887 3.306 8.218 0.000000 0.550286 0.376000 0.000000 0.000001 0.049394 0.000000 0.012317 0.000653 0.008660
31 2.7768946E+07   8.7231 4.017 3.588 0.657886 0.321994 0.002988 0.000174 0.003796 0.009715 0.000010 0.000018 0.001420 0.000114   0.1165          -6.893 3.309 8.223 0.000000 0.500520 0.409794 0.000000 0.000001 0.064979 0.000000 0.010590 0.000669 0.010773
32 2.7879996E+07   8.7085 4.121 3.627 0.657886 0.321994 0.002988 0.000174 0.003796 0.009715 0.000010 0.000018 0.001420 0.000114   0.1185          -6.897 3.314 8.228 0.000000 0.450603 0.441783 0.000000 0.000000 0.082493 0.000000 0.008732 0.000665 0.013041
33 2.8014391E+07   8.7041 4.180 3.928 0.657886 0.321994 0.002988 0.000174 0.003796 0.009715 0.000010 0.000018 0.001420 0.000114   0.1211          -7.714 3.320 8.233 0.000000 0.400124 0.468159 0.000000 0.000003 0.106099 0.000000 0.006498 0.000651 0.015762
34 2.8132963E+07   8.7020 4.189 3.954 0.657886 0.321994 0.002988 0.000174 0.003796 0.009715 0.000010 0.000018 0.001420 0.000114   0.1215          -7.766 3.317 8.237 0.000000 0.377915 0.470067 0.000000 0.000004 0.126069 0.000000 0.005040 0.000693 0.017545
35 2.8504733E+07   8.6941 4.191 3.903 0.657886 0.321994 0.002988 0.000174 0.003796 0.009715 0.000010 0.000018 0.001420 0.000114   0.1296          -7.609 3.347 8.258 0.000000 0.244221 0.496828 0.000000 0.000000 0.232100 0.000000 0.001063 0.000694 0.022360
36 2.8583538E+07   8.6922 4.192 3.895 0.657886 0.321994 0.002988 0.000174 0.003796 0.009715 0.000010 0.000018 0.001420 0.000114   0.1306          -7.582 3.362 8.265 0.000000 0.206154 0.502042 0.000000 0.000000 0.264776 0.000000 0.000289 0.000694 0.023282
37 2.8627669E+07   8.6910 4.191 3.885 0.657886 0.321994 0.002988 0.000174 0.003796 0.009715 0.000010 0.000018 0.001420 0.000114   0.1315          -7.554 3.372 8.269 0.000000 0.185033 0.502076 0.000000 0.000000 0.285819 0.000000 0.000103 0.000694 0.023492
38 2.8703322E+07   8.6887 4.189 3.865 0.657886 0.321994 0.002988 0.000174 0.003796 0.009715 0.000010 0.000018 0.001420 0.000114   0.1330          -7.497 3.391 8.278 0.000000 0.150547 0.496369 0.000000 0.000000 0.325983 0.000000 0.000010 0.000694 0.023565
39 2.8810497E+07   8.6848 4.182 3.821 0.657886 0.321994 0.002988 0.000174 0.003796 0.009715 0.000010 0.000018 0.001420 0.000114   0.1341          -7.378 3.424 8.291 0.000000 0.104982 0.473915 0.000000 0.000000 0.393984 0.000000 0.000000 0.000695 0.023483
40 2.8923976E+07   8.6780 4.152 3.687 0.657886 0.321994 0.002988 0.000174 0.003796 0.009715 0.000010 0.000018 0.001420 0.000114   0.1332          -7.031 3.474 8.310 0.000000 0.060760 0.427291 0.000000 0.000000 0.484793 0.000000 0.000000 0.000695 0.023283
41 2.8942889E+07   8.6756 4.125 3.627 0.657886 0.321994 0.002988 0.000174 0.003796 0.009715 0.000010 0.000018 0.001420 0.000114   0.1304          -6.848 3.485 8.314 0.000000 0.053950 0.416933 0.000000 0.000000 0.501950 0.000000 0.000000 0.000695 0.023230
42 2.8961802E+07   8.6730 4.054 3.590 0.657886 0.321994 0.002988 0.000174 0.003796 0.009715 0.000010 0.000018 0.001420 0.000114   0.1324          -6.854 3.496 8.319 0.000000 0.047407 0.405954 0.000000 0.000000 0.519462 0.000000 0.000000 0.000695 0.023170
43 2.9112351E+07   8.6471 4.149 3.568 0.657886 0.321994 0.002988 0.000174 0.003796 0.009715 0.000010 0.000018 0.001420 0.000114   0.0000          -6.664 3.947 8.446 0.000000 0.000000 0.291653 0.000000 0.000000 0.680801 0.000000 0.000000 0.000747 0.021480
44 2.9145289E+07   8.6393 4.233 3.561 0.657886 0.321994 0.002988 0.000174 0.003796 0.009715 0.000010 0.000018 0.001420 0.000114   0.0000          -6.549 4.471 8.500 0.000000 0.000000 0.291645 0.000000 0.000000 0.680818 0.000000 0.000000 0.000738 0.021494
45 2.9188731E+07   8.6236 4.383 3.547 0.657878 0.321996 0.002941 0.000179 0.003845 0.009715 0.000010 0.000018 0.001420 0.000114   0.0000          -6.380 5.024 8.600 0.000000 0.000000 0.291645 0.000000 0.000000 0.680818 0.000000 0.000000 0.000739 0.021494
46 2.9217158E+07   8.6108 4.457 3.543 0.657811 0.322057 0.002900 0.000177 0.003900 0.009710 0.000011 0.000018 0.001420 0.000114   0.0000          -6.310 5.757 8.691 0.000000 0.000000 0.289460 0.000000 0.000000 0.679417 0.000000 0.000000 0.004320 0.021494
47 2.9222757E+07   8.6080 4.468 3.542 0.657715 0.322152 0.002891 0.000177 0.003918 0.009702 0.000011 0.000018 0.001420 0.000114   0.0000          -6.300 6.170 8.742 0.000000 0.000000 0.235187 0.000000 0.000000 0.645086 0.000000 0.000000 0.090962 0.021494
48 2.9223682E+07   8.6076 4.468 3.542 0.657700 0.322167 0.002890 0.000177 0.003920 0.009701 0.000011 0.000018 0.001420 0.000114   0.0000          -6.300 6.271 8.759 0.000000 0.000000 0.167778 0.000000 0.000000 0.604789 0.000000 0.000000 0.192194 0.021494
49 2.9224103E+07   8.6073 4.484 3.549 0.657624 0.322244 0.002887 0.000176 0.003929 0.009696 0.000011 0.000018 0.001420 0.000114   0.0000          -6.291 6.322 8.768 0.000000 0.000000 0.114845 0.000000 0.000000 0.574855 0.000000 0.000000 0.267256 0.021494
50 2.9228732E+07   8.6050 4.499 3.548 0.656127 0.323744 0.002871 0.000176 0.003986 0.009652 0.000011 0.000018 0.001420 0.000114   0.0000          -6.276 6.643 8.782 0.000000 0.000000 0.057506 0.000000 0.000000 0.544183 0.000000 0.000000 0.344078 0.021494
51 2.9229415E+07   8.6046 4.482 3.549 0.656069 0.323802 0.002871 0.000176 0.003987 0.009651 0.000011 0.000018 0.001420 0.000114   0.0000          -6.292 7.007 8.820 0.000000 0.000000 0.001033 0.000000 0.000000 0.514657 0.000000 0.000000 0.417941 0.021494
