 1 2.0001521E+04  39.9904 5.373 4.640 0.680000 0.300000 0.004466 0.000072 0.001397 0.010607 0.000007 0.000024 0.001420 0.000114   0.6638          -6.982 0.429 7.589 0.673090 0.306372 0.000123 0.000039 0.007515 0.009470 0.000009 0.000000 0.001420 0.000114
 2 5.8074419E+05  39.8718 5.401 4.632 0.680000 0.300000 0.004466 0.000072 0.001397 0.010607 0.000007 0.000024 0.001420 0.000114   0.6401          -6.626 0.404 7.584 0.619846 0.360171 0.000165 0.000052 0.011281 0.005097 0.000006 0.000000 0.001420 0.000114
 3 1.3154212E+06  39.6668 5.442 4.622 0.680000 0.300000 0.004466 0.000072 0.001397 0.010607 0.000007 0.000024 0.001420 0.000114   0.6118          -6.487 0.399 7.587 0.540421 0.439917 0.000199 0.000062 0.013428 0.002589 0.000003 0.000000 0.001420 0.000114
 4 1.9558020E+06  39.4203 5.481 4.610 0.680000 0.300000 0.004466 0.000072 0.001397 0.010607 0.000007 0.000024 0.001420 0.000114   0.5821          -6.345 0.404 7.593 0.460416 0.520064 0.000217 0.000068 0.014374 0.001479 0.000002 0.000000 0.001420 0.000114
 5 2.5071630E+06  39.1229 5.517 4.593 0.680000 0.300000 0.004466 0.000072 0.001397 0.010607 0.000007 0.000024 0.001420 0.000114   0.5541          -6.192 0.416 7.601 0.380983 0.599568 0.000230 0.000072 0.014832 0.000933 0.000001 0.000000 0.001420 0.000114
 6 2.9925515E+06  38.7400 5.551 4.571 0.680000 0.300000 0.004466 0.000072 0.001397 0.010607 0.000007 0.000024 0.001420 0.000114   0.5256          -6.022 0.436 7.610 0.300461 0.680128 0.000240 0.000075 0.015068 0.000647 0.000001 0.000000 0.001420 0.000114
 7 3.4125598E+06  38.2482 5.583 4.539 0.680000 0.300000 0.004466 0.000072 0.001397 0.010607 0.000007 0.000024 0.001420 0.000114   0.4998          -5.844 0.466 7.621 0.220296 0.760314 0.000251 0.000078 0.015184 0.000495 0.000000 0.000000 0.001420 0.000114
 8 3.6888635E+06  37.7922 5.605 4.508 0.680000 0.300000 0.004466 0.000072 0.001397 0.010607 0.000007 0.000024 0.001420 0.000114   0.4801          -5.722 0.497 7.632 0.160737 0.819883 0.000259 0.000081 0.015230 0.000428 0.000000 0.000000 0.001420 0.000114
 9 3.9439132E+06  37.2267 5.627 4.462 0.680000 0.300000 0.004466 0.000072 0.001397 0.010607 0.000007 0.000024 0.001420 0.000114   0.4623          -5.598 0.544 7.647 0.099484 0.881144 0.000271 0.000085 0.015254 0.000380 0.000000 0.000000 0.001420 0.000114
10 4.0917092E+06  36.8183 5.641 4.424 0.680000 0.300000 0.004466 0.000072 0.001397 0.010607 0.000007 0.000024 0.001420 0.000114   0.4504          -5.526 0.591 7.661 0.060731 0.919902 0.000286 0.000089 0.015254 0.000356 0.000000 0.000000 0.001420 0.000114
11 4.2732375E+06  36.2252 5.662 4.369 0.680000 0.300000 0.004466 0.000072 0.001397 0.010607 0.000007 0.000024 0.001420 0.000114   0.4334          -5.449 0.755 7.714 0.009043 0.971604 0.000332 0.000103 0.015215 0.000322 0.000000 0.000000 0.001420 0.000114
12 4.3007570E+06  36.1267 5.676 4.393 0.680000 0.300000 0.004466 0.000072 0.001397 0.010607 0.000007 0.000024 0.001420 0.000114   0.4239          -5.444 0.992 7.792 0.000499 0.980162 0.000400 0.000123 0.015122 0.000313 0.000000 0.000000 0.001420 0.000114
13 4.3031910E+06  36.1179 5.694 4.423 0.680000 0.300000 0.004466 0.000072 0.001397 0.010607 0.000007 0.000024 0.001420 0.000114   0.3384          -5.435 1.334 7.901 0.000000 0.980669 0.000443 0.000135 0.015059 0.000312 0.000000 0.000000 0.001420 0.000114
14 4.3043440E+06  36.1136 5.700 4.439 0.680000 0.300000 0.004466 0.000072 0.001397 0.010607 0.000007 0.000024 0.001420 0.000114   0.2485          -5.441 1.611 7.986 0.000000 0.980669 0.000443 0.000135 0.015059 0.000312 0.000000 0.000000 0.001420 0.000114
15 4.3068120E+06  36.1041 5.710 4.359 0.680000 0.300000 0.004466 0.000072 0.001397 0.010607 0.000007 0.000024 0.001420 0.000114   0.1633          -5.367 1.978 8.090 0.000000 0.980667 0.000443 0.000128 0.015059 0.000320 0.000000 0.000000 0.001420 0.000114
16 4.3080170E+06  36.0985 5.718 4.258 0.680000 0.300000 0.004466 0.000072 0.001397 0.010607 0.000007 0.000024 0.001420 0.000114   0.1664          -5.285 2.163 8.146 0.000000 0.980638 0.000443 0.000035 0.015058 0.000434 0.000000 0.000002 0.001420 0.000114
17 4.3087400E+06  36.0942 5.720 4.176 0.680000 0.300000 0.004466 0.000072 0.001397 0.010607 0.000007 0.000024 0.001420 0.000114   0.1221          -5.175 2.276 8.181 0.000000 0.980616 0.000445 0.000000 0.015023 0.000477 0.000000 0.000047 0.001420 0.000114
18 4.3094630E+06  36.0879 5.721 4.062 0.680000 0.300000 0.004466 0.000072 0.001397 0.010607 0.000007 0.000024 0.001420 0.000114   0.2014          -4.936 2.376 8.212 0.000000 0.980509 0.000453 0.000001 0.014678 0.000476 0.000000 0.000491 0.001420 0.000114
19 4.3098650E+06  36.0809 5.722 3.960 0.680000 0.300000 0.004466 0.000072 0.001397 0.010607 0.000007 0.000024 0.001420 0.000114   0.2060          -4.623 2.416 8.225 0.000000 0.980282 0.000471 0.000000 0.013946 0.000477 0.000000 0.001432 0.001420 0.000114
20 4.3103350E+06  36.0624 5.726 3.896 0.680000 0.300000 0.004466 0.000072 0.001397 0.010607 0.000007 0.000024 0.001420 0.000114   0.2743          -4.520 2.440 8.234 0.000000 0.979923 0.000503 0.000006 0.012794 0.000470 0.000000 0.002912 0.001420 0.000116
21 4.3120855E+06  35.9319 5.733 3.794 0.680000 0.300000 0.004466 0.000072 0.001397 0.010607 0.000007 0.000024 0.001420 0.000114   0.3177          -4.044 2.473 8.246 0.000000 0.977968 0.000724 0.000000 0.006751 0.000477 0.000000 0.010659 0.001420 0.000142
22 4.3251565E+06  34.2749 5.761 3.766 0.676328 0.303674 0.004312 0.000084 0.001737 0.010412 0.000007 0.000023 0.001420 0.000114   0.3612          -3.876 2.597 8.288 0.000000 0.950135 0.024430 0.000000 0.000000 0.000650 0.000000 0.010230 0.001420 0.011273
23 4.3436735E+06  31.8531 5.759 3.771 0.662760 0.317257 0.003898 0.000096 0.002754 0.009790 0.000007 0.000021 0.001420 0.000114   0.3932          -3.894 2.610 8.294 0.000000 0.900080 0.071387 0.000000 0.000000 0.001984 0.000000 0.002303 0.001420 0.020945
24 4.3607480E+06  29.7406 5.758 3.780 0.633065 0.346992 0.003182 0.000105 0.004637 0.008585 0.000006 0.000017 0.001420 0.000114   0.4256          -3.921 2.618 8.298 0.000000 0.849863 0.118372 0.000000 0.000001 0.004788 0.000000 0.000390 0.001420 0.023258
25 4.3779345E+06  27.8970 5.754 3.801 0.493561 0.486698 0.001158 0.000109 0.010623 0.004451 0.000004 0.000006 0.001420 0.000114   0.4587          -4.010 2.624 8.301 0.000000 0.799679 0.163980 0.000000 0.000001 0.009290 0.000000 0.000085 0.001420 0.023599
26 4.3951025E+06  26.4345 5.750 3.834 0.423053 0.557274 0.000577 0.000094 0.012443 0.003170 0.000003 0.000002 0.001420 0.000114   0.4888          -4.129 2.631 8.305 0.000000 0.750305 0.206994 0.000000 0.000000 0.015635 0.000000 0.000049 0.001420 0.023609
27 4.4132500E+06  25.1865 5.741 3.843 0.391866 0.588465 0.000238 0.000075 0.013268 0.002705 0.000002 0.000000 0.001420 0.000114   0.5190          -4.184 2.638 8.308 0.000000 0.699398 0.249067 0.000000 0.000001 0.024462 0.000000 0.000053 0.001420 0.023559
28 4.4310340E+06  24.0449 5.733 3.841 0.390411 0.589922 0.000228 0.000072 0.013316 0.002667 0.000002 0.000000 0.001420 0.000114   0.5496          -4.194 2.645 8.312 0.000000 0.650473 0.287017 0.000000 0.000000 0.035425 0.000000 0.000043 0.001420 0.023523
29 4.4490500E+06  22.9134 5.726 3.839 0.385437 0.594909 0.000214 0.000067 0.013442 0.002547 0.000003 0.000000 0.001420 0.000114   0.5828          -4.206 2.653 8.316 0.000000 0.601655 0.322133 0.000000 0.000000 0.049122 0.000000 0.000072 0.001420 0.023426
30 4.4678650E+06  21.7739 5.718 3.839 0.384986 0.595359 0.000205 0.000064 0.013464 0.002537 0.000003 0.000000 0.001420 0.000114   0.6200          -4.228 2.662 8.320 0.000000 0.549525 0.356548 0.000000 0.000000 0.066810 0.000000 0.000016 0.001420 0.023416
31 4.4866800E+06  20.7030 5.708 3.842 0.384986 0.595359 0.000205 0.000064 0.013464 0.002537 0.000003 0.000000 0.001420 0.000114   0.6594          -4.263 2.673 8.325 0.000000 0.501065 0.384281 0.000000 0.000000 0.087520 0.000000 0.000017 0.001420 0.023321
32 4.5077090E+06  19.6312 5.695 3.851 0.384985 0.595360 0.000203 0.000064 0.013466 0.002537 0.000003 0.000000 0.001420 0.000114   0.7049          -4.323 2.685 8.330 0.000000 0.450524 0.407921 0.000000 0.000000 0.114399 0.000000 0.000027 0.001421 0.023182
33 4.5283555E+06  18.7220 5.677 4.299 0.384569 0.595765 0.000146 0.000046 0.013555 0.002531 0.000006 0.000000 0.001420 0.000114   0.7471   4.626  -4.398 2.698 8.335 0.000000 0.401911 0.425436 0.000000 0.000000 0.145467 0.000000 0.000017 0.001421 0.023037
34 4.5559980E+06  17.5921 5.666 4.538 0.000346 0.980303 0.000323 0.000101 0.015252 0.000295 0.000000 0.000000 0.001420 0.000114   0.8172   5.112  -4.206 2.709 8.340 0.000000 0.358271 0.426898 0.000000 0.000000 0.187597 0.000000 0.000004 0.001421 0.022819
35 4.5810605E+06  16.1930 5.618 4.559 0.000000 0.980658 0.000386 0.000119 0.015143 0.000312 0.000000 0.000000 0.001420 0.000114   0.7940   5.115  -4.296 2.746 8.345 0.000000 0.299488 0.436179 0.000000 0.000000 0.237043 0.000000 0.000000 0.001421 0.022525
36 4.6006750E+06  15.2755 5.583 4.579 0.000000 0.891055 0.062470 0.000108 0.012902 0.026595 0.000000 0.000021 0.001420 0.003422   0.7809   5.120  -4.360 2.775 8.350 0.000000 0.256157 0.435315 0.000000 0.000000 0.281184 0.000000 0.000000 0.001422 0.022234
37 4.6290065E+06  13.2154 5.490 4.554 0.000000 0.290247 0.436590 0.000000 0.000000 0.245863 0.000000 0.000000 0.001422 0.022469   0.7529   5.139  -4.214 2.833 8.354 0.000000 0.200727 0.422179 0.000000 0.000000 0.349658 0.000000 0.000000 0.001424 0.021738
38 4.6584280E+06  11.6862 5.411 4.583 0.000000 0.239144 0.432770 0.000000 0.000000 0.300717 0.000000 0.000000 0.001423 0.022098   0.7357   5.138  -4.349 2.894 8.362 0.000000 0.150049 0.394866 0.000000 0.000000 0.427524 0.000000 0.000000 0.001427 0.021070
39 4.6911515E+06  10.4224 5.338 4.610 0.000000 0.202452 0.422829 0.000000 0.000000 0.347286 0.000000 0.000000 0.001424 0.021756   0.7153   5.138  -4.473 2.966 8.374 0.000000 0.100597 0.348407 0.000000 0.000000 0.523227 0.000000 0.000000 0.001438 0.019991
40 4.7306275E+06   9.2803 5.267 4.639 0.000000 0.162979 0.403460 0.000000 0.000000 0.406038 0.000000 0.000000 0.001426 0.021269   0.6923   5.144  -4.600 3.070 8.396 0.000000 0.049737 0.269500 0.000000 0.000000 0.652507 0.000000 0.000000 0.001498 0.017653
41 4.7477155E+06   8.8761 5.242 4.652 0.000000 0.145847 0.391782 0.000000 0.000000 0.434797 0.000000 0.000000 0.001428 0.020999   0.6823   5.149  -4.649 3.132 8.411 0.000000 0.030184 0.227304 0.000000 0.000000 0.713806 0.000000 0.000000 0.001615 0.015826
42 4.7664030E+06   8.4813 5.222 4.671 0.000000 0.131586 0.380262 0.000000 0.000000 0.460528 0.000000 0.000000 0.001430 0.020737   0.6650   5.162  -4.699 3.239 8.442 0.000000 0.010232 0.176299 0.000000 0.000000 0.783476 0.000000 0.000000 0.002269 0.012404
43 4.7768360E+06   8.2795 5.250 4.704 0.000000 0.123205 0.372597 0.000000 0.000000 0.476541 0.000000 0.000000 0.001431 0.020562   0.0015   5.205  -4.727 3.525 8.533 0.000000 0.000000 0.150269 0.000000 0.000000 0.815243 0.000000 0.000000 0.006042 0.008948
44 4.7813785E+06   8.1955 5.324 4.755 0.000000 0.118438 0.367949 0.000000 0.000000 0.485935 0.000000 0.000000 0.001432 0.020455   0.0000   5.280  -4.738 4.061 8.700 0.000000 0.000000 0.150269 0.000000 0.000000 0.815243 0.000000 0.000000 0.006042 0.008948
45 4.7847755E+06   8.1340 5.367 4.773 0.000000 0.115825 0.365301 0.000000 0.000000 0.491184 0.000000 0.000000 0.001433 0.020393   0.0000   5.299  -4.746 4.510 8.800 0.000000 0.000000 0.149983 0.000000 0.000000 0.815053 0.000000 0.000000 0.006518 0.008948
46 4.7853580E+06   8.1236 5.388 4.776 0.000000 0.115398 0.364861 0.000000 0.000000 0.492049 0.000000 0.000000 0.001433 0.020383   0.0000   5.299  -4.748 4.707 8.829 0.000000 0.000000 0.148106 0.000000 0.000000 0.813809 0.000000 0.000000 0.009634 0.008948
47 4.7856745E+06   8.1179 5.405 4.779 0.000000 0.115172 0.364628 0.000000 0.000000 0.492507 0.000000 0.000000 0.001433 0.020378   0.0000   5.298  -4.749 4.980 8.870 0.000000 0.000000 0.128183 0.000000 0.000000 0.800656 0.000000 0.000000 0.042545 0.008948
48 4.7857285E+06   8.1169 5.411 4.781 0.000000 0.115134 0.364588 0.000000 0.000000 0.492584 0.000000 0.000000 0.001433 0.020377   0.0000   5.299  -4.749 5.103 8.893 0.000000 0.000000 0.096727 0.000000 0.000000 0.780153 0.000000 0.000000 0.093837 0.008948
49 4.7857495E+06   8.1166 5.415 4.782 0.000000 0.115119 0.364573 0.000000 0.000000 0.492614 0.000000 0.000000 0.001433 0.020376   0.0000   5.301  -4.749 5.185 8.909 0.000000 0.000000 0.066847 0.000000 0.000000 0.760980 0.000000 0.000000 0.141792 0.008948
50 4.7857650E+06   8.1163 5.419 4.783 0.000000 0.115108 0.364562 0.000000 0.000000 0.492636 0.000000 0.000000 0.001433 0.020376   0.0000   5.303  -4.749 5.285 8.928 0.000000 0.000000 0.034609 0.000000 0.000000 0.740635 0.000000 0.000000 0.192672 0.008948
51 4.7857825E+06   8.1160 5.434 4.806 0.000000 0.115096 0.364549 0.000000 0.000000 0.492661 0.000000 0.000000 0.001433 0.020376   0.0000   5.316  -4.749 5.739 9.018 0.000000 0.000000 0.000660 0.000000 0.000000 0.719706 0.000000 0.000000 0.245004 0.008948
