 1 4.0003043E+04  24.9967 4.897 4.579 0.680000 0.300000 0.004466 0.000072 0.001397 0.010607 0.000007 0.000024 0.001420 0.000114   0.5546          -7.102 0.577 7.564 0.675408 0.303988 0.000098 0.000031 0.007128 0.009951 0.000014 0.000000 0.001420 0.000114
 2 9.3257094E+05  24.9187 4.930 4.571 0.680000 0.300000 0.004466 0.000072 0.001397 0.010607 0.000007 0.000024 0.001420 0.000114   0.5374          -7.025 0.548 7.559 0.620544 0.359429 0.000147 0.000046 0.011024 0.005420 0.000009 0.000000 0.001420 0.000114
 3 2.0666572E+06  24.7995 4.977 4.562 0.680000 0.300000 0.004466 0.000072 0.001397 0.010607 0.000007 0.000024 0.001420 0.000114   0.5118          -6.933 0.540 7.562 0.540547 0.439753 0.000179 0.000056 0.013221 0.002859 0.000004 0.000000 0.001420 0.000114
 4 3.0344312E+06  24.6734 5.022 4.552 0.680000 0.300000 0.004466 0.000072 0.001397 0.010607 0.000007 0.000024 0.001420 0.000114   0.4862          -6.837 0.543 7.568 0.460500 0.519950 0.000197 0.000062 0.014220 0.001688 0.000002 0.000000 0.001420 0.000114
 5 3.8579205E+06  24.5383 5.064 4.539 0.680000 0.300000 0.004466 0.000072 0.001397 0.010607 0.000007 0.000024 0.001420 0.000114   0.4609          -6.733 0.554 7.576 0.380879 0.599648 0.000209 0.000065 0.014729 0.001086 0.000001 0.000000 0.001420 0.000114
 6 4.5708000E+06  24.3891 5.105 4.521 0.680000 0.300000 0.004466 0.000072 0.001397 0.010607 0.000007 0.000024 0.001420 0.000114   0.4347          -6.624 0.572 7.586 0.300068 0.680503 0.000219 0.000068 0.015004 0.000755 0.000001 0.000000 0.001420 0.000114
 7 5.1771875E+06  24.2236 5.144 4.497 0.680000 0.300000 0.004466 0.000072 0.001397 0.010607 0.000007 0.000024 0.001420 0.000114   0.4083          -6.505 0.600 7.598 0.219323 0.761273 0.000229 0.000072 0.015149 0.000572 0.000001 0.000000 0.001420 0.000114
 8 5.5653895E+06  24.0888 5.171 4.475 0.680000 0.300000 0.004466 0.000072 0.001397 0.010607 0.000007 0.000024 0.001420 0.000114   0.3898          -6.416 0.629 7.609 0.159924 0.820685 0.000239 0.000075 0.015207 0.000489 0.000001 0.000000 0.001420 0.000114
 9 5.9125955E+06  23.9405 5.198 4.447 0.680000 0.300000 0.004466 0.000072 0.001397 0.010607 0.000007 0.000024 0.001420 0.000114   0.3705          -6.326 0.673 7.624 0.100227 0.880391 0.000251 0.000078 0.015241 0.000430 0.000000 0.000000 0.001420 0.000114
10 6.1276550E+06  23.8309 5.216 4.424 0.680000 0.300000 0.004466 0.000072 0.001397 0.010607 0.000007 0.000024 0.001420 0.000114   0.3565          -6.262 0.721 7.639 0.059293 0.921331 0.000264 0.000082 0.015250 0.000398 0.000000 0.000000 0.001420 0.000114
11 6.3304370E+06  23.7117 5.236 4.404 0.680000 0.300000 0.004466 0.000072 0.001397 0.010607 0.000007 0.000024 0.001420 0.000114   0.3419          -6.203 0.826 7.674 0.017183 0.963452 0.000294 0.000092 0.015232 0.000366 0.000000 0.000000 0.001420 0.000114
12 6.4010170E+06  23.6668 5.254 4.425 0.680000 0.300000 0.004466 0.000072 0.001397 0.010607 0.000007 0.000024 0.001420 0.000114   0.3312          -6.196 1.039 7.743 0.001279 0.979369 0.000353 0.000110 0.015159 0.000349 0.000000 0.000000 0.001420 0.000114
13 6.4077445E+06  23.6625 5.290 4.462 0.680000 0.300000 0.004466 0.000072 0.001397 0.010607 0.000007 0.000024 0.001420 0.000114   0.1328          -6.187 1.546 7.897 0.000000 0.980660 0.000420 0.000128 0.015063 0.000347 0.000000 0.000000 0.001420 0.000114
14 6.4098160E+06  23.6612 5.283 4.448 0.680000 0.300000 0.004466 0.000072 0.001397 0.010607 0.000007 0.000024 0.001420 0.000114   0.0510          -6.174 1.804 7.961 0.000000 0.980660 0.000420 0.000128 0.015063 0.000347 0.000000 0.000000 0.001420 0.000114
15 6.4133670E+06  23.6583 5.312 4.345 0.680000 0.300000 0.004466 0.000072 0.001397 0.010607 0.000007 0.000024 0.001420 0.000114   0.0000          -6.012 2.235 8.079 0.000000 0.980632 0.000420 0.000035 0.015063 0.000461 0.000000 0.000000 0.001420 0.000114
16 6.4157345E+06  23.6557 5.325 4.252 0.680000 0.300000 0.004466 0.000072 0.001397 0.010607 0.000007 0.000024 0.001420 0.000114   0.0126          -5.897 2.508 8.161 0.000000 0.980573 0.000430 0.000000 0.014927 0.000504 0.000000 0.000175 0.001420 0.000114
17 6.4174950E+06  23.6530 5.329 4.164 0.680000 0.300000 0.004466 0.000072 0.001397 0.010607 0.000007 0.000024 0.001420 0.000114   0.1131          -5.771 2.656 8.211 0.000000 0.980082 0.000506 0.000000 0.013478 0.000504 0.000000 0.002038 0.001420 0.000114
18 6.4187455E+06  23.6505 5.335 4.087 0.680000 0.300000 0.004466 0.000072 0.001397 0.010607 0.000007 0.000024 0.001420 0.000114   0.1710          -5.622 2.680 8.223 0.000000 0.979149 0.000659 0.000000 0.010748 0.000504 0.000000 0.005545 0.001420 0.000118
19 6.4199955E+06  23.6467 5.344 4.008 0.680000 0.300000 0.004466 0.000072 0.001397 0.010607 0.000007 0.000024 0.001420 0.000114   0.2002          -5.432 2.686 8.228 0.000000 0.978129 0.000862 0.000000 0.007896 0.000504 0.000000 0.009205 0.001420 0.000127
20 6.4214960E+06  23.6393 5.353 3.925 0.680000 0.300000 0.004466 0.000072 0.001397 0.010607 0.000007 0.000024 0.001420 0.000114   0.2116          -5.226 2.698 8.233 0.000000 0.976815 0.001212 0.000000 0.004541 0.000504 0.000000 0.013498 0.001420 0.000152
21 6.4243715E+06  23.6158 5.357 3.829 0.680000 0.300000 0.004466 0.000072 0.001397 0.010607 0.000007 0.000024 0.001420 0.000114   0.2123          -5.022 2.761 8.255 0.000000 0.973514 0.003197 0.000000 0.000134 0.000507 0.000000 0.018918 0.001420 0.000453
22 6.4376740E+06  23.4423 5.356 3.694 0.680000 0.300000 0.004466 0.000072 0.001397 0.010607 0.000007 0.000024 0.001420 0.000114   0.2360          -4.865 2.776 8.263 0.000000 0.949965 0.025728 0.000000 0.000000 0.000660 0.000000 0.015370 0.001420 0.004999
23 6.4655415E+06  23.0683 5.339 3.654 0.680000 0.300000 0.004466 0.000072 0.001397 0.010607 0.000007 0.000024 0.001420 0.000114   0.2431          -4.910 2.780 8.266 0.000000 0.899804 0.073287 0.000000 0.000000 0.001851 0.000000 0.009021 0.001420 0.012754
24 6.4913155E+06  22.7520 5.341 3.641 0.680000 0.300000 0.004466 0.000072 0.001397 0.010607 0.000007 0.000024 0.001420 0.000114   0.2515          -4.913 2.785 8.270 0.000000 0.850303 0.119461 0.000000 0.000000 0.004222 0.000000 0.004726 0.001420 0.017996
25 6.5178290E+06  22.4288 5.341 3.639 0.679999 0.300000 0.004465 0.000073 0.001397 0.010607 0.000007 0.000024 0.001420 0.000114   0.2592          -4.914 2.790 8.274 0.000000 0.799397 0.165870 0.000000 0.000000 0.008143 0.000000 0.002148 0.001420 0.021136
26 6.5442410E+06  22.1074 5.342 3.637 0.679999 0.300000 0.004464 0.000074 0.001397 0.010607 0.000007 0.000024 0.001420 0.000114   0.2672          -4.915 2.795 8.278 0.000000 0.750100 0.209388 0.000000 0.000001 0.013650 0.000000 0.000932 0.001420 0.022606
27 6.5700645E+06  21.7924 5.343 3.636 0.679999 0.300001 0.004463 0.000076 0.001397 0.010607 0.000007 0.000024 0.001420 0.000114   0.2752          -4.913 2.800 8.282 0.000000 0.700842 0.251218 0.000000 0.000004 0.020957 0.000000 0.000399 0.001420 0.023236
28 6.5971890E+06  21.4597 5.344 3.636 0.679999 0.300001 0.004460 0.000078 0.001397 0.010607 0.000007 0.000024 0.001420 0.000114   0.2837          -4.911 2.807 8.286 0.000000 0.650769 0.291600 0.000000 0.000001 0.030594 0.000000 0.000181 0.001420 0.023484
29 6.6257575E+06  21.1066 5.346 3.636 0.679998 0.300001 0.004457 0.000082 0.001398 0.010607 0.000007 0.000024 0.001420 0.000114   0.2927          -4.906 2.813 8.290 0.000000 0.600664 0.329158 0.000000 0.000000 0.043141 0.000000 0.000204 0.001420 0.023428
30 6.6515600E+06  20.7850 5.347 3.637 0.679998 0.300002 0.004453 0.000085 0.001398 0.010607 0.000007 0.000024 0.001420 0.000114   0.3016          -4.902 2.821 8.294 0.000000 0.550746 0.364512 0.000000 0.000000 0.057667 0.000000 0.000062 0.001420 0.023568
31 6.6819440E+06  20.4031 5.348 3.637 0.679543 0.300456 0.004421 0.000094 0.001451 0.010580 0.000007 0.000024 0.001420 0.000114   0.3119          -4.899 2.829 8.299 0.000000 0.499587 0.396002 0.000000 0.000000 0.077330 0.000000 0.000075 0.001420 0.023505
32 6.7104680E+06  20.0419 5.350 3.637 0.675918 0.304078 0.004224 0.000118 0.001833 0.010378 0.000007 0.000023 0.001420 0.000114   0.3228          -4.896 2.839 8.304 0.000000 0.449358 0.423397 0.000000 0.000000 0.100150 0.000000 0.000057 0.001420 0.023469
33 6.7201425E+06  19.9190 5.350 3.637 0.674620 0.305375 0.004154 0.000126 0.001969 0.010306 0.000007 0.000023 0.001420 0.000114   0.3262          -4.897 2.841 8.306 0.000000 0.437695 0.427590 0.000000 0.000000 0.107622 0.000000 0.000083 0.001420 0.023419
34 6.7730950E+06  19.2417 5.351 3.637 0.666346 0.313647 0.003808 0.000162 0.002675 0.009918 0.000007 0.000021 0.001420 0.000114   0.3477          -4.890 2.863 8.317 0.000000 0.350801 0.459231 0.000000 0.000000 0.162831 0.000000 0.000020 0.001419 0.023337
35 6.8065960E+06  18.8097 5.352 3.638 0.661037 0.318956 0.003616 0.000181 0.003079 0.009691 0.000007 0.000020 0.001420 0.000114   0.3617          -4.888 2.878 8.324 0.000000 0.300492 0.466595 0.000000 0.000000 0.205748 0.000000 0.000017 0.001411 0.023192
36 6.8444190E+06  18.3192 5.352 3.639 0.649607 0.330393 0.003342 0.000197 0.003720 0.009304 0.000007 0.000019 0.001420 0.000114   0.3775          -4.888 2.897 8.332 0.000000 0.250180 0.461294 0.000000 0.000000 0.261314 0.000000 0.000007 0.001412 0.022974
37 6.8811620E+06  17.8442 5.352 3.638 0.634496 0.345517 0.003036 0.000209 0.004477 0.008835 0.000007 0.000017 0.001420 0.000114   0.3936          -4.890 2.921 8.342 0.000000 0.200440 0.445659 0.000000 0.000000 0.326626 0.000000 0.000003 0.001413 0.022640
38 6.9200660E+06  17.3448 5.349 3.635 0.604822 0.375221 0.002575 0.000208 0.005733 0.008018 0.000007 0.000015 0.001420 0.000114   0.4105          -4.899 2.951 8.354 0.000000 0.150486 0.413528 0.000000 0.000000 0.408603 0.000000 0.000000 0.001415 0.022070
39 6.9632925E+06  16.8085 5.344 3.632 0.557638 0.422444 0.001882 0.000185 0.007617 0.006821 0.000006 0.000010 0.001420 0.000114   0.4275          -4.913 2.997 8.371 0.000000 0.100147 0.357012 0.000000 0.000000 0.515247 0.000000 0.000000 0.001424 0.020963
40 7.0037085E+06  16.3193 5.343 3.629 0.529998 0.450095 0.001435 0.000158 0.008754 0.006155 0.000006 0.000008 0.001420 0.000114   0.4371          -4.919 3.070 8.397 0.000000 0.050083 0.279761 0.000000 0.000000 0.642082 0.000000 0.000000 0.001479 0.018643
41 7.0215915E+06  16.1036 5.344 3.628 0.520625 0.459470 0.001276 0.000146 0.009152 0.005928 0.000005 0.000007 0.001420 0.000114   0.4349          -4.917 3.122 8.415 0.000000 0.029812 0.235564 0.000000 0.000000 0.706051 0.000000 0.000000 0.001609 0.016623
42 7.0394945E+06  15.8851 5.349 3.626 0.511314 0.468783 0.001116 0.000132 0.009552 0.005701 0.000005 0.000006 0.001420 0.000114   0.4243          -4.908 3.216 8.446 0.000000 0.010272 0.185308 0.000000 0.000000 0.774450 0.000000 0.000000 0.002335 0.013004
43 7.0497115E+06  15.7565 5.359 3.623 0.501117 0.478983 0.000940 0.000118 0.009992 0.005453 0.000005 0.000005 0.001420 0.000114   0.0013          -4.888 3.498 8.538 0.000000 0.000000 0.159353 0.000000 0.000000 0.805910 0.000000 0.000000 0.006345 0.009388
44 7.0543080E+06  15.6829 5.424 3.627 0.493089 0.487012 0.000798 0.000105 0.010342 0.005257 0.000006 0.000004 0.001420 0.000114   0.0000          -4.713 4.025 8.700 0.000000 0.000000 0.159355 0.000000 0.000000 0.805912 0.000000 0.000000 0.006340 0.009388
45 7.0581640E+06  15.6039 5.457 3.630 0.491676 0.488425 0.000775 0.000103 0.010403 0.005222 0.000006 0.000004 0.001420 0.000114   0.0000          -4.620 4.492 8.801 0.000000 0.000000 0.159295 0.000000 0.000000 0.805872 0.000000 0.000000 0.006440 0.009388
46 7.0589200E+06  15.5850 5.470 3.632 0.489078 0.491028 0.000748 0.000101 0.010499 0.005151 0.000006 0.000003 0.001420 0.000114   0.0000          -4.584 4.858 8.855 0.000000 0.000000 0.157473 0.000000 0.000000 0.804664 0.000000 0.000000 0.009465 0.009388
47 7.0590530E+06  15.5815 5.472 3.632 0.488019 0.492089 0.000738 0.000100 0.010537 0.005122 0.000006 0.000003 0.001420 0.000114   0.0000          -4.579 5.139 8.916 0.000000 0.000000 0.126030 0.000000 0.000000 0.783943 0.000000 0.000000 0.061305 0.009388
48 7.0590645E+06  15.5812 5.472 3.632 0.488019 0.492089 0.000738 0.000100 0.010537 0.005122 0.000006 0.000003 0.001420 0.000114   0.0000          -4.578 5.185 8.934 0.000000 0.000000 0.095129 0.000000 0.000000 0.763895 0.000000 0.000000 0.111449 0.009388
49 7.0590720E+06  15.5810 5.470 3.632 0.487418 0.492691 0.000733 0.000099 0.010558 0.005105 0.000006 0.000003 0.001420 0.000114   0.0000          -4.581 5.225 8.946 0.000000 0.000000 0.064303 0.000000 0.000000 0.744253 0.000000 0.000000 0.160575 0.009388
50 7.0590820E+06  15.5807 5.469 3.632 0.486305 0.493806 0.000723 0.000099 0.010597 0.005074 0.000006 0.000003 0.001420 0.000114   0.0000          -4.584 5.318 8.957 0.000000 0.000000 0.031257 0.000000 0.000000 0.723632 0.000000 0.000000 0.212144 0.009388
51 7.0590965E+06  15.5804 5.469 3.633 0.484671 0.495443 0.000709 0.000098 0.010655 0.005029 0.000006 0.000003 0.001420 0.000114   0.0000          -4.583 5.778 9.027 0.000000 0.000000 0.001516 0.000000 0.000000 0.705583 0.000000 0.000000 0.257275 0.009388
