 1 7.2005476E+03 119.9626 6.252 4.727 0.680000 0.300000 0.004466 0.000072 0.001397 0.010607 0.000007 0.000024 0.001420 0.000114   0.8673          -5.470 0.171 7.638 0.678438 0.300903 0.000117 0.000036 0.006691 0.010424 0.000009 0.000000 0.001420 0.000114
 2 3.1890345E+05 118.4764 6.265 4.713 0.680000 0.300000 0.004466 0.000072 0.001397 0.010607 0.000007 0.000024 0.001420 0.000114   0.8339          -5.242 0.138 7.629 0.621265 0.358801 0.000190 0.000059 0.011554 0.004745 0.000005 0.000000 0.001420 0.000114
 3 7.2330180E+05 115.5329 6.282 4.698 0.680000 0.300000 0.004466 0.000072 0.001397 0.010607 0.000007 0.000024 0.001420 0.000114   0.7934          -5.046 0.139 7.630 0.539570 0.440825 0.000227 0.000071 0.013750 0.002173 0.000002 0.000000 0.001420 0.000114
 4 1.0811425E+06 111.4817 6.295 4.678 0.680000 0.300000 0.004466 0.000072 0.001397 0.010607 0.000007 0.000024 0.001420 0.000114   0.7671          -4.854 0.154 7.634 0.459125 0.521400 0.000245 0.000077 0.014602 0.001169 0.000001 0.000000 0.001420 0.000114
 5 1.3993211E+06 105.8690 6.306 4.651 0.671574 0.307921 0.000133 0.000040 0.007719 0.009223 0.000008 0.000000 0.001420 0.000114   0.7534          -4.670 0.177 7.640 0.380408 0.600175 0.000256 0.000080 0.014978 0.000721 0.000001 0.000000 0.001420 0.000114
 6 1.6933555E+06  98.9620 6.316 4.642 0.598277 0.381919 0.000204 0.000064 0.012418 0.003733 0.000004 0.000000 0.001420 0.000114   0.7489          -4.596 0.208 7.648 0.300421 0.680190 0.000266 0.000083 0.015155 0.000503 0.000000 0.000000 0.001420 0.000114
 7 1.9586602E+06  91.7285 6.326 4.635 0.515084 0.465362 0.000234 0.000073 0.014087 0.001777 0.000002 0.000000 0.001420 0.000114   0.7489          -4.536 0.247 7.658 0.220829 0.759798 0.000275 0.000086 0.015235 0.000395 0.000000 0.000000 0.001420 0.000114
 8 2.1405835E+06  86.2386 6.335 4.634 0.443671 0.536868 0.000247 0.000077 0.014701 0.001053 0.000001 0.000000 0.001420 0.000114   0.7510          -4.507 0.284 7.668 0.161031 0.819603 0.000283 0.000088 0.015263 0.000350 0.000000 0.000000 0.001420 0.000114
 9 2.2479182E+06  82.8262 6.341 4.389 0.397856 0.582717 0.000253 0.000079 0.014918 0.000794 0.000001 0.000000 0.001420 0.000114   0.7532   4.633  -4.398 0.313 7.676 0.123381 0.857256 0.000288 0.000090 0.015274 0.000329 0.000000 0.000000 0.001420 0.000114
10 2.4251403E+06  75.7371 6.350 4.405 0.300927 0.679685 0.000265 0.000083 0.015154 0.000504 0.000000 0.000000 0.001420 0.000114   0.7667   4.646  -4.398 0.394 7.699 0.056239 0.924406 0.000306 0.000096 0.015273 0.000299 0.000000 0.000000 0.001420 0.000114
11 2.5218473E+06  71.8688 6.358 4.425 0.244334 0.736289 0.000272 0.000085 0.015218 0.000420 0.000000 0.000000 0.001420 0.000114   0.7722   4.670  -4.398 0.503 7.733 0.016518 0.964135 0.000341 0.000106 0.015237 0.000281 0.000000 0.000000 0.001420 0.000114
12 2.5544160E+06  70.5660 6.364 4.445 0.225964 0.754662 0.000274 0.000086 0.015232 0.000400 0.000000 0.000000 0.001420 0.000114   0.7784   4.700  -4.398 0.659 7.784 0.002614 0.978051 0.000394 0.000122 0.015166 0.000271 0.000000 0.000000 0.001420 0.000114
13 2.5614354E+06  70.2852 6.387 4.517 0.222062 0.758564 0.000274 0.000086 0.015235 0.000396 0.000000 0.000000 0.001420 0.000114   0.7133   4.814  -4.398 1.319 8.003 0.000000 0.980682 0.000480 0.000146 0.015044 0.000267 0.000000 0.000000 0.001420 0.000114
14 2.5626562E+06  70.2364 6.405 4.549 0.221351 0.759276 0.000274 0.000086 0.015235 0.000396 0.000000 0.000000 0.001420 0.000114   0.6681   4.864  -4.398 1.772 8.152 0.000000 0.980669 0.000480 0.000106 0.015043 0.000317 0.000000 0.000001 0.001420 0.000114
15 2.5635718E+06  70.1998 6.415 4.520 0.220832 0.759794 0.000274 0.000086 0.015236 0.000395 0.000000 0.000000 0.001420 0.000114   0.6321   4.812  -4.398 1.945 8.207 0.000000 0.980617 0.000480 0.000001 0.014974 0.000445 0.000000 0.000089 0.001420 0.000114
16 2.5641822E+06  70.1754 6.426 4.478 0.220472 0.760155 0.000274 0.000086 0.015236 0.000395 0.000000 0.000000 0.001420 0.000114   0.6390   4.740  -4.398 2.038 8.236 0.000000 0.980429 0.000486 0.000000 0.014340 0.000447 0.000000 0.000904 0.001420 0.000114
17 2.5647926E+06  70.1509 6.433 4.430 0.219766 0.760861 0.000275 0.000086 0.015236 0.000394 0.000000 0.000000 0.001420 0.000114   0.6560   4.660  -4.398 2.091 8.252 0.000000 0.979805 0.000505 0.000000 0.012223 0.000447 0.000000 0.003624 0.001420 0.000117
18 2.5650978E+06  70.1387 6.436 4.405 0.219351 0.761276 0.000275 0.000086 0.015237 0.000394 0.000000 0.000000 0.001420 0.000114   0.6635   4.618  -4.398 2.106 8.257 0.000000 0.979353 0.000521 0.000000 0.010701 0.000447 0.000000 0.005578 0.001420 0.000121
19 2.5657082E+06  70.0777 6.450 4.322 0.197014 0.783615 0.000277 0.000087 0.015249 0.000375 0.000000 0.000000 0.001420 0.000114   0.6755   4.628  -4.000 2.121 8.262 0.000000 0.978948 0.000561 0.000000 0.009444 0.000447 0.000000 0.007169 0.001420 0.000152
20 2.5669290E+06  69.9556 6.460 4.285 0.196196 0.784434 0.000277 0.000087 0.015250 0.000374 0.000000 0.000000 0.001420 0.000114   0.6867   4.563  -4.000 2.140 8.268 0.000000 0.978108 0.000670 0.000000 0.006950 0.000447 0.000000 0.010293 0.001420 0.000253
21 2.5684549E+06  69.8030 6.465 4.250 0.190979 0.789651 0.000278 0.000087 0.015253 0.000370 0.000000 0.000000 0.001420 0.000114   0.6932   4.504  -4.000 2.159 8.274 0.000000 0.977156 0.000867 0.000000 0.004443 0.000447 0.000000 0.013341 0.001420 0.000466
22 2.5837147E+06  68.2770 6.478 4.288 0.154962 0.825672 0.000280 0.000089 0.015268 0.000348 0.000000 0.000000 0.001420 0.000114   0.7271   4.560  -4.000 2.308 8.324 0.000000 0.952480 0.020857 0.000000 0.000004 0.000744 0.000000 0.005020 0.001420 0.017594
23 2.5951656E+06  67.1678 6.484 4.511 0.107129 0.873512 0.000300 0.000094 0.015261 0.000323 0.000000 0.000000 0.001420 0.000114   0.7559   4.768  -4.398 2.343 8.337 0.000000 0.901268 0.069042 0.000000 0.000001 0.002651 0.000000 0.000055 0.001420 0.023582
24 2.6058252E+06  66.7414 6.483 4.542 0.106686 0.873955 0.000299 0.000095 0.015261 0.000322 0.000000 0.000000 0.001420 0.000114   0.7739   4.819  -4.398 2.349 8.340 0.000000 0.851236 0.114961 0.000000 0.000001 0.006741 0.000000 0.000036 0.001420 0.023501
25 2.6166822E+06  66.3071 6.479 4.569 0.106191 0.874447 0.000282 0.000092 0.015284 0.000322 0.000000 0.000000 0.001420 0.000114   0.7925   4.865  -4.398 2.354 8.343 0.000000 0.802079 0.157672 0.000000 0.000001 0.013164 0.000000 0.000030 0.001420 0.023390
26 2.6285380E+06  65.8329 6.473 4.598 0.105735 0.874893 0.000227 0.000073 0.015369 0.000322 0.000000 0.000000 0.001420 0.000114   0.8129   4.917  -4.398 2.361 8.347 0.000000 0.750238 0.199781 0.000000 0.000001 0.022867 0.000000 0.000021 0.001419 0.023254
27 2.6405078E+06  65.3541 6.464 4.626 0.104555 0.876074 0.000241 0.000075 0.015351 0.000322 0.000000 0.000000 0.001420 0.000114   0.8333   4.966  -4.398 2.369 8.350 0.000000 0.700474 0.236966 0.000000 0.000001 0.035414 0.000000 0.000018 0.001394 0.023088
28 2.6532757E+06  64.8433 6.454 4.654 0.097434 0.883201 0.000273 0.000084 0.015304 0.000322 0.000000 0.000000 0.001420 0.000114   0.8546   5.018  -4.398 2.377 8.354 0.000000 0.649908 0.271042 0.000000 0.000004 0.051870 0.000000 0.000039 0.001369 0.022841
29 2.6660435E+06  64.3326 6.448 4.692 0.067887 0.912755 0.000303 0.000093 0.015269 0.000311 0.000000 0.000000 0.001420 0.000114   0.8764   5.081  -4.398 2.386 8.357 0.000000 0.601483 0.299742 0.000000 0.000000 0.071545 0.000000 0.000026 0.001347 0.022629
30 2.6788113E+06  63.8219 6.443 4.731 0.012828 0.967825 0.000335 0.000104 0.015245 0.000282 0.000000 0.000000 0.001420 0.000114   0.8998   5.145  -4.398 2.398 8.362 0.000000 0.549246 0.327268 0.000000 0.000000 0.096194 0.000000 0.000000 0.001348 0.022366
31 2.6902944E+06  62.3871 6.427 4.102 0.000000 0.505383 0.346471 0.000000 0.000003 0.120803 0.000000 0.000010 0.001348 0.022059   0.8660   5.177  -2.502 2.378 8.354 0.000000 0.502802 0.347681 0.000000 0.000000 0.122168 0.000000 0.000000 0.001348 0.022052
32 2.7155262E+06  30.7862 6.022 4.325 0.000000 0.467556 0.360440 0.000000 0.000000 0.144625 0.000000 0.000000 0.001348 0.021886   0.8321   5.163  -3.273 2.547 8.344 0.000000 0.450145 0.367200 0.000000 0.000000 0.155261 0.000000 0.000000 0.001348 0.021809
33 2.7359653E+06  23.1689 5.847 4.402 0.000000 0.428632 0.375256 0.000000 0.000000 0.168701 0.000000 0.000000 0.001348 0.021717   0.8140   5.155  -3.571 2.627 8.343 0.000000 0.398656 0.385375 0.000000 0.000000 0.188535 0.000000 0.000000 0.001349 0.021587
34 2.7564044E+06  18.9900 5.722 4.455 0.000000 0.391915 0.387468 0.000000 0.000000 0.193177 0.000000 0.000000 0.001349 0.021557   0.7982   5.149  -3.791 2.688 8.343 0.000000 0.349376 0.398769 0.000000 0.000000 0.224379 0.000000 0.000000 0.001349 0.021362
35 2.7782061E+06  16.1583 5.617 4.496 0.000000 0.355790 0.397297 0.000000 0.000000 0.219443 0.000000 0.000000 0.001349 0.021392   0.7795   5.144  -3.969 2.742 8.345 0.000000 0.300117 0.406749 0.000000 0.000000 0.265612 0.000000 0.000000 0.001350 0.021107
36 2.8027331E+06  13.9893 5.523 4.531 0.000000 0.318181 0.404554 0.000000 0.000000 0.249760 0.000000 0.000000 0.001349 0.021205   0.7616   5.140  -4.128 2.797 8.348 0.000000 0.248931 0.407387 0.000000 0.000000 0.316100 0.000000 0.000000 0.001350 0.020785
37 2.8286226E+06  12.3548 5.443 4.560 0.000000 0.282311 0.407972 0.000000 0.000000 0.282175 0.000000 0.000000 0.001350 0.021003   0.7438   5.137  -4.264 2.851 8.353 0.000000 0.199707 0.398102 0.000000 0.000000 0.374532 0.000000 0.000000 0.001352 0.020376
38 2.8570739E+06  11.0166 5.368 4.585 0.000000 0.246702 0.407198 0.000000 0.000000 0.318515 0.000000 0.000000 0.001350 0.020769   0.7268   5.135  -4.384 2.910 8.360 0.000000 0.151589 0.375441 0.000000 0.000000 0.445202 0.000000 0.000000 0.001355 0.019796
39 2.8917931E+06   9.7961 5.292 4.612 0.000000 0.206653 0.400119 0.000000 0.000000 0.365582 0.000000 0.000000 0.001352 0.020442   0.7060   5.135  -4.513 2.985 8.372 0.000000 0.100200 0.330725 0.000000 0.000000 0.541109 0.000000 0.000000 0.001366 0.018762
40 2.9323345E+06   8.7329 5.220 4.642 0.000000 0.169124 0.385515 0.000000 0.000000 0.417639 0.000000 0.000000 0.001354 0.020036   0.6820   5.140  -4.641 3.089 8.395 0.000000 0.049541 0.254834 0.000000 0.000000 0.667197 0.000000 0.000000 0.001427 0.016557
41 2.9496408E+06   8.3611 5.195 4.654 0.000000 0.154999 0.377566 0.000000 0.000000 0.439678 0.000000 0.000000 0.001355 0.019846   0.6709   5.145  -4.689 3.150 8.410 0.000000 0.030701 0.214777 0.000000 0.000000 0.725670 0.000000 0.000000 0.001541 0.014872
42 2.9697322E+06   7.9769 5.175 4.673 0.000000 0.135523 0.364110 0.000000 0.000000 0.472551 0.000000 0.000000 0.001357 0.019537   0.6559   5.159  -4.743 3.260 8.441 0.000000 0.010343 0.163263 0.000000 0.000000 0.796241 0.000000 0.000000 0.002220 0.011514
43 2.9813868E+06   7.7738 5.203 4.708 0.000000 0.127637 0.357738 0.000000 0.000000 0.486781 0.000000 0.000000 0.001359 0.019392   0.0000   5.203  -4.773 3.553 8.534 0.000000 0.000000 0.136966 0.000000 0.000000 0.828264 0.000000 0.000000 0.006133 0.008151
44 2.9860891E+06   7.6956 5.277 4.759 0.000000 0.124728 0.355232 0.000000 0.000000 0.492185 0.000000 0.000000 0.001359 0.019334   0.0000   5.278  -4.784 4.086 8.699 0.000000 0.000000 0.136964 0.000000 0.000000 0.828271 0.000000 0.000000 0.006128 0.008151
45 2.9898226E+06   7.6348 5.330 4.776 0.000000 0.120368 0.351331 0.000000 0.000000 0.500429 0.000000 0.000000 0.001360 0.019245   0.0000   5.292  -4.793 4.555 8.800 0.000000 0.000000 0.136903 0.000000 0.000000 0.828231 0.000000 0.000000 0.006228 0.008151
46 2.9906798E+06   7.6211 5.363 4.780 0.000000 0.119934 0.350940 0.000000 0.000000 0.501253 0.000000 0.000000 0.001360 0.019236   0.0000   5.289  -4.795 4.929 8.855 0.000000 0.000000 0.134945 0.000000 0.000000 0.826931 0.000000 0.000000 0.009481 0.008151
47 2.9908293E+06   7.6187 5.377 4.783 0.000000 0.119891 0.350902 0.000000 0.000000 0.501333 0.000000 0.000000 0.001360 0.019235   0.0000   5.291  -4.795 5.199 8.910 0.000000 0.000000 0.108538 0.000000 0.000000 0.809509 0.000000 0.000000 0.053065 0.008151
48 2.9908468E+06   7.6184 5.380 4.785 0.000000 0.119886 0.350897 0.000000 0.000000 0.501343 0.000000 0.000000 0.001360 0.019235   0.0000   5.292  -4.795 5.259 8.931 0.000000 0.000000 0.077353 0.000000 0.000000 0.789226 0.000000 0.000000 0.103795 0.008151
49 2.9908590E+06   7.6182 5.383 4.785 0.000000 0.119883 0.350894 0.000000 0.000000 0.501349 0.000000 0.000000 0.001360 0.019235   0.0000   5.293  -4.795 5.322 8.946 0.000000 0.000000 0.043819 0.000000 0.000000 0.767799 0.000000 0.000000 0.157382 0.008151
50 2.9908711E+06   7.6180 5.386 4.787 0.000000 0.119880 0.350891 0.000000 0.000000 0.501356 0.000000 0.000000 0.001360 0.019235   0.0000   5.295  -4.795 5.439 8.958 0.000000 0.000000 0.019761 0.000000 0.000000 0.752696 0.000000 0.000000 0.195149 0.008151
51 2.9908848E+06   7.6178 5.404 4.793 0.000000 0.119788 0.350773 0.000000 0.000000 0.501564 0.000000 0.000000 0.001361 0.019230   0.0000   5.299  -4.795 5.898 9.032 0.000000 0.000000 0.000779 0.000000 0.000000 0.741029 0.000000 0.000000 0.224320 0.008151
