 1 1.5201156E+05  14.9981 4.303 4.492 0.680000 0.300000 0.004466 0.000072 0.001397 0.010607 0.000007 0.000024 0.001420 0.000114   0.4463          -7.916 0.762 7.529 0.674755 0.304636 0.000087 0.000027 0.007124 0.009968 0.000022 0.000000 0.001420 0.000114
 2 1.8383958E+06  14.9761 4.339 4.485 0.680000 0.300000 0.004466 0.000072 0.001397 0.010607 0.000007 0.000024 0.001420 0.000114   0.4300          -7.856 0.733 7.525 0.619814 0.360113 0.000129 0.000040 0.010759 0.005750 0.000013 0.000000 0.001420 0.000114
 3 3.9740422E+06  14.9430 4.392 4.477 0.680000 0.300000 0.004466 0.000072 0.001397 0.010607 0.000007 0.000024 0.001420 0.000114   0.4071          -7.762 0.723 7.529 0.539026 0.441227 0.000157 0.000049 0.012960 0.003191 0.000007 0.000000 0.001420 0.000114
 4 5.7395100E+06  14.9092 4.441 4.469 0.680000 0.300000 0.004466 0.000072 0.001397 0.010607 0.000007 0.000024 0.001420 0.000114   0.3830          -7.675 0.723 7.536 0.459143 0.521268 0.000175 0.000055 0.014005 0.001970 0.000004 0.000000 0.001420 0.000114
 5 7.2201045E+06  14.8745 4.489 4.458 0.680000 0.300000 0.004466 0.000072 0.001397 0.010607 0.000007 0.000024 0.001420 0.000114   0.3588          -7.590 0.731 7.544 0.379515 0.600981 0.000187 0.000058 0.014569 0.001306 0.000002 0.000000 0.001420 0.000114
 6 8.4603440E+06  14.8394 4.533 4.444 0.680000 0.300000 0.004466 0.000072 0.001397 0.010607 0.000007 0.000024 0.001420 0.000114   0.3366          -7.508 0.747 7.554 0.300330 0.680216 0.000198 0.000062 0.014885 0.000927 0.000002 0.000000 0.001420 0.000114
 7 9.5216860E+06  14.8031 4.576 4.426 0.680000 0.300000 0.004466 0.000072 0.001397 0.010607 0.000007 0.000024 0.001420 0.000114   0.3121          -7.426 0.772 7.566 0.219525 0.761051 0.000209 0.000065 0.015069 0.000699 0.000001 0.000000 0.001420 0.000114
 8 1.0193737E+07  14.7761 4.606 4.409 0.680000 0.300000 0.004466 0.000072 0.001397 0.010607 0.000007 0.000024 0.001420 0.000114   0.2925          -7.366 0.801 7.577 0.159653 0.820939 0.000218 0.000068 0.015150 0.000591 0.000001 0.000000 0.001420 0.000114
 9 1.0785641E+07  14.7487 4.636 4.389 0.680000 0.300000 0.004466 0.000072 0.001397 0.010607 0.000007 0.000024 0.001420 0.000114   0.2726          -7.304 0.843 7.593 0.099073 0.881530 0.000229 0.000071 0.015202 0.000512 0.000001 0.000000 0.001420 0.000114
10 1.1123600E+07  14.7311 4.655 4.375 0.680000 0.300000 0.004466 0.000072 0.001397 0.010607 0.000007 0.000024 0.001420 0.000114   0.2608          -7.263 0.887 7.607 0.060059 0.920552 0.000240 0.000075 0.015221 0.000471 0.000000 0.000000 0.001420 0.000114
11 1.1409873E+07  14.7147 4.674 4.367 0.680000 0.300000 0.004466 0.000072 0.001397 0.010607 0.000007 0.000024 0.001420 0.000114   0.2490          -7.222 0.965 7.633 0.023819 0.956800 0.000262 0.000081 0.015220 0.000436 0.000000 0.000000 0.001420 0.000114
12 1.1572564E+07  14.7045 4.702 4.392 0.680000 0.300000 0.004466 0.000072 0.001397 0.010607 0.000007 0.000024 0.001420 0.000114   0.2356          -7.176 1.189 7.706 0.001488 0.979146 0.000323 0.000100 0.015153 0.000409 0.000000 0.000000 0.001420 0.000114
13 1.1584150E+07  14.7037 4.737 4.417 0.680000 0.300000 0.004466 0.000072 0.001397 0.010607 0.000007 0.000024 0.001420 0.000114   0.0252          -7.116 1.583 7.812 0.000000 0.980647 0.000389 0.000118 0.015059 0.000406 0.000000 0.000000 0.001420 0.000114
14 1.1588106E+07  14.7034 4.720 4.401 0.680000 0.300000 0.004466 0.000072 0.001397 0.010607 0.000007 0.000024 0.001420 0.000114   0.0000          -7.142 1.922 7.873 0.000000 0.980647 0.000389 0.000118 0.015059 0.000406 0.000000 0.000000 0.001420 0.000114
15 1.1598587E+07  14.7025 4.757 4.263 0.680000 0.300000 0.004466 0.000072 0.001397 0.010607 0.000007 0.000024 0.001420 0.000114   0.0000          -6.984 2.626 8.041 0.000000 0.980627 0.000389 0.000052 0.015059 0.000487 0.000000 0.000000 0.001420 0.000114
16 1.1604362E+07  14.7018 4.749 4.131 0.680000 0.300000 0.004466 0.000072 0.001397 0.010607 0.000007 0.000024 0.001420 0.000114   0.0000          -6.827 2.950 8.140 0.000000 0.980398 0.000483 0.000000 0.014648 0.000551 0.000000 0.000528 0.001420 0.000114
17 1.1607981E+07  14.7011 4.723 3.991 0.680000 0.300000 0.004466 0.000072 0.001397 0.010607 0.000007 0.000024 0.001420 0.000114   0.0751          -6.594 3.036 8.195 0.000000 0.979695 0.000733 0.000000 0.013062 0.000551 0.000000 0.002567 0.001313 0.000106
18 1.1610201E+07  14.7004 4.700 3.858 0.680000 0.300000 0.004466 0.000072 0.001397 0.010607 0.000007 0.000024 0.001420 0.000114   0.1118          -6.346 3.017 8.201 0.000000 0.978596 0.001139 0.000000 0.010636 0.000551 0.000000 0.005684 0.001016 0.000085
19 1.1611770E+07  14.6995 4.652 3.718 0.680000 0.300000 0.004466 0.000072 0.001397 0.010607 0.000007 0.000024 0.001420 0.000114   0.1202          -6.194 3.008 8.202 0.000000 0.977831 0.001446 0.000000 0.009037 0.000552 0.000000 0.007737 0.000938 0.000082
20 1.1613525E+07  14.6984 4.524 3.587 0.679999 0.300000 0.004466 0.000072 0.001397 0.010607 0.000007 0.000024 0.001420 0.000114   0.1313          -6.271 3.000 8.203 0.000000 0.977309 0.001683 0.000000 0.008043 0.000552 0.000000 0.009012 0.000908 0.000083
21 1.1617648E+07  14.6950 4.760 3.559 0.637042 0.342921 0.003104 0.000183 0.004040 0.009273 0.000008 0.000018 0.001420 0.000114   0.1271          -6.012 3.005 8.208 0.000000 0.975060 0.002818 0.000000 0.004159 0.000553 0.000000 0.013988 0.000908 0.000104
22 1.1643017E+07  14.6707 4.745 3.559 0.637025 0.342938 0.003104 0.000183 0.004041 0.009272 0.000008 0.000018 0.001420 0.000114   0.1370          -6.028 3.036 8.225 0.000000 0.953777 0.022657 0.000000 0.000005 0.000659 0.000000 0.018650 0.000909 0.000935
23 1.1699126E+07  14.6203 4.719 3.561 0.637025 0.342938 0.003104 0.000183 0.004041 0.009272 0.000008 0.000018 0.001420 0.000114   0.1461          -6.056 3.026 8.230 0.000000 0.899709 0.075121 0.000000 0.000003 0.001780 0.000000 0.016486 0.000906 0.003582
24 1.1750771E+07  14.5747 4.722 3.561 0.637025 0.342938 0.003104 0.000183 0.004041 0.009272 0.000008 0.000018 0.001420 0.000114   0.1494          -6.052 3.025 8.233 0.000000 0.850383 0.121741 0.000000 0.000002 0.004005 0.000000 0.014319 0.000880 0.006227
25 1.1800636E+07  14.5302 4.727 3.561 0.637025 0.342938 0.003104 0.000183 0.004041 0.009272 0.000008 0.000018 0.001420 0.000114   0.1524          -6.047 3.027 8.237 0.000000 0.799825 0.168318 0.000000 0.000003 0.007473 0.000000 0.012012 0.000876 0.009044
26 1.1854062E+07  14.4820 4.730 3.561 0.637025 0.342938 0.003104 0.000183 0.004041 0.009272 0.000008 0.000018 0.001420 0.000114   0.1560          -6.043 3.029 8.241 0.000000 0.749497 0.213035 0.000000 0.000000 0.012560 0.000000 0.009666 0.000854 0.011912
27 1.1903927E+07  14.4367 4.733 3.561 0.637025 0.342938 0.003104 0.000183 0.004041 0.009272 0.000008 0.000018 0.001420 0.000114   0.1595          -6.040 3.032 8.245 0.000000 0.699222 0.256289 0.000000 0.000000 0.019071 0.000000 0.007374 0.000859 0.014709
28 1.1955572E+07  14.3895 4.736 3.561 0.637025 0.342938 0.003104 0.000183 0.004041 0.009272 0.000008 0.000018 0.001420 0.000114   0.1629          -6.037 3.035 8.249 0.000000 0.650719 0.295992 0.000000 0.000000 0.027411 0.000000 0.005309 0.000868 0.017229
29 1.2005437E+07  14.3435 4.739 3.560 0.637025 0.342938 0.003104 0.000183 0.004041 0.009272 0.000008 0.000018 0.001420 0.000114   0.1660          -6.034 3.038 8.252 0.000000 0.600556 0.335343 0.000000 0.000000 0.037810 0.000000 0.003451 0.000859 0.019491
30 1.2060359E+07  14.2926 4.742 3.560 0.637025 0.342938 0.003104 0.000183 0.004041 0.009272 0.000008 0.000018 0.001420 0.000114   0.1700          -6.031 3.045 8.258 0.000000 0.548846 0.372957 0.000000 0.000000 0.051573 0.000000 0.001961 0.000849 0.021300
31 1.2115067E+07  14.2414 4.746 3.560 0.637025 0.342938 0.003104 0.000183 0.004041 0.009272 0.000008 0.000018 0.001420 0.000114   0.1739          -6.027 3.051 8.263 0.000000 0.498859 0.406022 0.000000 0.000000 0.068284 0.000000 0.001027 0.000862 0.022427
32 1.2165217E+07  14.1941 4.748 3.560 0.637025 0.342938 0.003104 0.000183 0.004041 0.009272 0.000008 0.000018 0.001420 0.000114   0.1770          -6.024 3.056 8.267 0.000000 0.448383 0.436992 0.000000 0.000000 0.087652 0.000000 0.000422 0.000868 0.023148
33 1.2219926E+07  14.1422 4.752 3.560 0.637025 0.342938 0.003104 0.000183 0.004041 0.009272 0.000008 0.000018 0.001420 0.000114   0.1819          -6.021 3.067 8.274 0.000000 0.401081 0.460498 0.000000 0.000000 0.111393 0.000000 0.000202 0.000873 0.023391
34 1.2283752E+07  14.0810 4.756 3.560 0.637025 0.342938 0.003104 0.000183 0.004041 0.009272 0.000008 0.000018 0.001420 0.000114   0.1863          -6.016 3.077 8.281 0.000000 0.349158 0.479182 0.000000 0.000000 0.144626 0.000000 0.000208 0.000849 0.023341
35 1.2333902E+07  14.0325 4.759 3.560 0.637025 0.342938 0.003104 0.000183 0.004041 0.009272 0.000008 0.000018 0.001420 0.000114   0.1903          -6.013 3.090 8.288 0.000000 0.300150 0.494486 0.000000 0.000000 0.178287 0.000000 0.000049 0.000842 0.023487
36 1.2397728E+07  13.9701 4.764 3.559 0.637025 0.342938 0.003104 0.000183 0.004041 0.009272 0.000008 0.000018 0.001420 0.000114   0.1942          -6.008 3.105 8.296 0.000000 0.252085 0.495298 0.000000 0.000000 0.225526 0.000000 0.000050 0.000823 0.023404
37 1.2452437E+07  13.9160 4.769 3.559 0.637025 0.342938 0.003104 0.000183 0.004041 0.009272 0.000008 0.000018 0.001420 0.000114   0.1979          -6.002 3.127 8.306 0.000000 0.201536 0.492864 0.000000 0.000000 0.278479 0.000000 0.000012 0.000827 0.023341
38 1.2527935E+07  13.8401 4.776 3.559 0.637025 0.342938 0.003104 0.000183 0.004041 0.009272 0.000008 0.000018 0.001420 0.000114   0.2012          -5.994 3.155 8.318 0.000000 0.150982 0.461437 0.000000 0.000000 0.360413 0.000000 0.000002 0.000841 0.023120
39 1.2586290E+07  13.7802 4.786 3.559 0.637025 0.342938 0.003104 0.000183 0.004041 0.009272 0.000008 0.000018 0.001420 0.000114   0.2029          -5.984 3.197 8.334 0.000000 0.099696 0.426169 0.000000 0.000000 0.446900 0.000000 0.000000 0.000842 0.022761
40 1.2650638E+07  13.7122 4.801 3.558 0.637025 0.342938 0.003104 0.000183 0.004041 0.009272 0.000008 0.000018 0.001420 0.000114   0.2002          -5.967 3.264 8.359 0.000000 0.050047 0.357464 0.000000 0.000000 0.565091 0.000000 0.000000 0.000847 0.021890
41 1.2679678E+07  13.6805 4.812 3.558 0.637025 0.342938 0.003104 0.000183 0.004041 0.009272 0.000008 0.000018 0.001420 0.000114   0.1954          -5.955 3.311 8.375 0.000000 0.030136 0.315547 0.000000 0.000000 0.626765 0.000000 0.000000 0.000856 0.021094
42 1.2710602E+07  13.6453 4.832 3.557 0.637025 0.342938 0.003104 0.000183 0.004041 0.009272 0.000008 0.000018 0.001420 0.000114   0.1896          -5.932 3.401 8.405 0.000000 0.010135 0.263608 0.000000 0.000000 0.698351 0.000000 0.000000 0.000909 0.019441
43 1.2727513E+07  13.6247 4.875 3.555 0.637025 0.342938 0.003104 0.000183 0.004041 0.009272 0.000008 0.000018 0.001420 0.000114   0.0000          -5.883 3.699 8.498 0.000000 0.000000 0.235172 0.000000 0.000000 0.736009 0.000000 0.000000 0.001410 0.017259
44 1.2736282E+07  13.6125 4.890 3.554 0.635330 0.344635 0.003076 0.000182 0.004114 0.009227 0.000008 0.000018 0.001420 0.000114   0.0000          -5.865 4.135 8.599 0.000000 0.000000 0.235172 0.000000 0.000000 0.736009 0.000000 0.000000 0.001410 0.017259
45 1.2746285E+07  13.5993 4.925 3.536 0.626288 0.353683 0.002930 0.000176 0.004504 0.008984 0.000008 0.000017 0.001420 0.000114   0.0000          -5.854 4.598 8.698 0.000000 0.000000 0.235171 0.000000 0.000000 0.736008 0.000000 0.000000 0.001410 0.017259
46 1.2752805E+07  13.5894 4.981 3.535 0.623363 0.356611 0.002882 0.000174 0.004632 0.008905 0.000008 0.000017 0.001420 0.000114   0.0000          -5.787 5.180 8.799 0.000000 0.000000 0.234240 0.000000 0.000000 0.735392 0.000000 0.000000 0.002957 0.017259
47 1.2754298E+07  13.5869 4.987 3.534 0.623099 0.356875 0.002878 0.000174 0.004643 0.008898 0.000008 0.000017 0.001420 0.000114   0.0218          -5.781 5.373 8.896 0.000000 0.000000 0.186080 0.000000 0.000000 0.703975 0.000000 0.000000 0.081609 0.017259
48 1.2754693E+07  13.5862 4.987 3.534 0.623007 0.356967 0.002876 0.000174 0.004647 0.008895 0.000008 0.000017 0.001420 0.000114   0.0349          -5.780 5.353 8.909 0.000000 0.000000 0.138946 0.000000 0.000000 0.674214 0.000000 0.000000 0.156075 0.017259
49 1.2754916E+07  13.5859 4.988 3.534 0.622932 0.357042 0.002875 0.000174 0.004651 0.008893 0.000008 0.000017 0.001420 0.000114   0.0301          -5.778 5.394 8.922 0.000000 0.000000 0.093393 0.000000 0.000000 0.645979 0.000000 0.000000 0.226714 0.017259
50 1.2755070E+07  13.5856 4.989 3.534 0.622868 0.357107 0.002874 0.000174 0.004653 0.008892 0.000008 0.000017 0.001420 0.000114   0.0152          -5.777 5.491 8.940 0.000000 0.000000 0.046640 0.000000 0.000000 0.617801 0.000000 0.000000 0.297194 0.017259
51 1.2755441E+07  13.5850 4.992 3.534 0.622767 0.357207 0.002873 0.000173 0.004658 0.008889 0.000008 0.000017 0.001420 0.000114   0.0000          -5.773 6.233 8.974 0.000000 0.000000 0.001003 0.000000 0.000000 0.591152 0.000000 0.000000 0.363832 0.017259
