 1 1.0040764E+05  19.9955 4.650 4.544 0.680000 0.300000 0.004466 0.000072 0.001397 0.010607 0.000007 0.000024 0.001420 0.000114   0.5081          -7.361 0.653 7.550 0.674793 0.304604 0.000093 0.000029 0.007153 0.009929 0.000017 0.000000 0.001420 0.000114
 2 1.2478869E+06  19.9418 4.684 4.536 0.680000 0.300000 0.004466 0.000072 0.001397 0.010607 0.000007 0.000024 0.001420 0.000114   0.4904          -7.302 0.624 7.545 0.620100 0.359854 0.000139 0.000044 0.010916 0.005555 0.000010 0.000000 0.001420 0.000114
 3 2.6924880E+06  19.8622 4.732 4.528 0.680000 0.300000 0.004466 0.000072 0.001397 0.010607 0.000007 0.000024 0.001420 0.000114   0.4658          -7.218 0.615 7.548 0.540912 0.439366 0.000170 0.000053 0.013095 0.003017 0.000005 0.000000 0.001420 0.000114
 4 3.9330722E+06  19.7794 4.779 4.519 0.680000 0.300000 0.004466 0.000072 0.001397 0.010607 0.000007 0.000024 0.001420 0.000114   0.4407          -7.134 0.617 7.555 0.460744 0.519689 0.000188 0.000059 0.014125 0.001811 0.000003 0.000000 0.001420 0.000114
 5 4.9925580E+06  19.6930 4.824 4.506 0.680000 0.300000 0.004466 0.000072 0.001397 0.010607 0.000007 0.000024 0.001420 0.000114   0.4157          -7.044 0.627 7.563 0.379771 0.600745 0.000201 0.000063 0.014667 0.001170 0.000002 0.000000 0.001420 0.000114
 6 5.8797405E+06  19.6039 4.867 4.490 0.680000 0.300000 0.004466 0.000072 0.001397 0.010607 0.000007 0.000024 0.001420 0.000114   0.3910          -6.952 0.644 7.573 0.299698 0.680863 0.000211 0.000066 0.014958 0.000821 0.000001 0.000000 0.001420 0.000114
 7 6.6359595E+06  19.5096 4.908 4.469 0.680000 0.300000 0.004466 0.000072 0.001397 0.010607 0.000007 0.000024 0.001420 0.000114   0.3650          -6.857 0.671 7.585 0.219205 0.761383 0.000222 0.000069 0.015117 0.000621 0.000001 0.000000 0.001420 0.000114
 8 7.1083965E+06  19.4382 4.936 4.450 0.680000 0.300000 0.004466 0.000072 0.001397 0.010607 0.000007 0.000024 0.001420 0.000114   0.3462          -6.786 0.699 7.595 0.161025 0.819576 0.000231 0.000072 0.015183 0.000530 0.000001 0.000000 0.001420 0.000114
 9 7.5437475E+06  19.3602 4.965 4.426 0.680000 0.300000 0.004466 0.000072 0.001397 0.010607 0.000007 0.000024 0.001420 0.000114   0.3271          -6.709 0.743 7.611 0.100118 0.880495 0.000243 0.000076 0.015225 0.000462 0.000000 0.000000 0.001420 0.000114
10 7.7985730E+06  19.3073 4.984 4.408 0.680000 0.300000 0.004466 0.000072 0.001397 0.010607 0.000007 0.000024 0.001420 0.000114   0.3141          -6.658 0.789 7.626 0.060262 0.920357 0.000255 0.000079 0.015238 0.000427 0.000000 0.000000 0.001420 0.000114
11 8.0336625E+06  19.2525 5.004 4.394 0.680000 0.300000 0.004466 0.000072 0.001397 0.010607 0.000007 0.000024 0.001420 0.000114   0.3002          -6.608 0.884 7.657 0.019560 0.961068 0.000279 0.000087 0.015232 0.000392 0.000000 0.000000 0.001420 0.000114
12 8.1354565E+06  19.2268 5.030 4.423 0.680000 0.300000 0.004466 0.000072 0.001397 0.010607 0.000007 0.000024 0.001420 0.000114   0.2861          -6.589 1.145 7.742 0.000789 0.979856 0.000354 0.000109 0.015139 0.000371 0.000000 0.000000 0.001420 0.000114
13 8.1409328E+06  19.2254 5.061 4.446 0.680000 0.300000 0.004466 0.000072 0.001397 0.010607 0.000007 0.000024 0.001420 0.000114   0.1201          -6.563 1.477 7.841 0.000000 0.980654 0.000404 0.000123 0.015068 0.000369 0.000000 0.000000 0.001420 0.000114
14 8.1439125E+06  19.2246 5.055 4.441 0.680000 0.300000 0.004466 0.000072 0.001397 0.010607 0.000007 0.000024 0.001420 0.000114   0.0000          -6.567 1.826 7.922 0.000000 0.980654 0.000404 0.000123 0.015068 0.000369 0.000000 0.000000 0.001420 0.000114
15 8.1480845E+06  19.2233 5.078 4.366 0.680000 0.300000 0.004466 0.000072 0.001397 0.010607 0.000007 0.000024 0.001420 0.000114   0.0000          -6.448 2.253 8.030 0.000000 0.980650 0.000404 0.000107 0.015068 0.000388 0.000000 0.000000 0.001420 0.000114
16 8.1510045E+06  19.2221 5.094 4.297 0.680000 0.300000 0.004466 0.000072 0.001397 0.010607 0.000007 0.000024 0.001420 0.000114   0.0000          -6.355 2.526 8.106 0.000000 0.980614 0.000404 0.000000 0.015063 0.000520 0.000000 0.000007 0.001420 0.000114
17 8.1526825E+06  19.2213 5.101 4.251 0.680000 0.300000 0.004466 0.000072 0.001397 0.010607 0.000007 0.000024 0.001420 0.000114   0.0000          -6.293 2.671 8.150 0.000000 0.980492 0.000437 0.000000 0.014749 0.000520 0.000000 0.000411 0.001420 0.000114
18 8.1557275E+06  19.2195 5.105 4.148 0.680000 0.300000 0.004466 0.000072 0.001397 0.010607 0.000007 0.000024 0.001420 0.000114   0.1091          -6.144 2.820 8.211 0.000000 0.979510 0.000659 0.000000 0.012089 0.000520 0.000000 0.003830 0.001420 0.000115
19 8.1577295E+06  19.2177 5.118 4.072 0.680000 0.300000 0.004466 0.000072 0.001397 0.010607 0.000007 0.000024 0.001420 0.000114   0.1569          -5.978 2.820 8.218 0.000000 0.978084 0.001028 0.000000 0.008397 0.000520 0.000000 0.008570 0.001204 0.000106
20 8.1604975E+06  19.2140 5.133 4.000 0.680000 0.300000 0.004466 0.000072 0.001397 0.010607 0.000007 0.000024 0.001420 0.000114   0.1704          -5.799 2.830 8.225 0.000000 0.976105 0.001765 0.000000 0.004072 0.000521 0.000000 0.014104 0.001071 0.000128
21 8.1616840E+06  19.2120 5.136 3.982 0.680000 0.300000 0.004466 0.000072 0.001397 0.010607 0.000007 0.000024 0.001420 0.000114   0.1695          -5.753 2.840 8.229 0.000000 0.975072 0.002277 0.000000 0.002274 0.000522 0.000000 0.016390 0.001071 0.000159
22 8.1799920E+06  19.1687 5.143 3.911 0.680000 0.300000 0.004466 0.000072 0.001397 0.010607 0.000007 0.000024 0.001420 0.000114   0.1859          -5.587 2.882 8.247 0.000000 0.950374 0.025721 0.000000 0.000006 0.000665 0.000000 0.017221 0.001023 0.002704
23 8.2142340E+06  19.0645 5.141 3.837 0.680000 0.300000 0.004466 0.000072 0.001397 0.010607 0.000007 0.000024 0.001420 0.000114   0.1906          -5.453 2.884 8.251 0.000000 0.900944 0.073139 0.000000 0.000000 0.001747 0.000000 0.013052 0.001004 0.007805
24 8.2505150E+06  18.9172 5.138 3.749 0.680000 0.300000 0.004466 0.000072 0.001397 0.010607 0.000007 0.000024 0.001420 0.000114   0.1963          -5.345 2.885 8.254 0.000000 0.850054 0.120798 0.000000 0.000011 0.004135 0.000000 0.009236 0.001016 0.012451
25 8.2782495E+06  18.7961 5.105 3.577 0.680000 0.300000 0.004466 0.000072 0.001397 0.010607 0.000007 0.000024 0.001420 0.000114   0.2014          -5.497 2.888 8.258 0.000000 0.808969 0.158426 0.000000 0.000001 0.006999 0.000000 0.006600 0.001019 0.015684
26 8.3192170E+06  18.6683 5.113 3.568 0.679999 0.300000 0.004464 0.000074 0.001397 0.010607 0.000007 0.000024 0.001420 0.000114   0.2078          -5.504 2.891 8.262 0.000000 0.750567 0.210245 0.000000 0.000000 0.012934 0.000000 0.003691 0.001029 0.019233
27 8.3553250E+06  18.5546 5.115 3.567 0.679999 0.300001 0.004463 0.000075 0.001397 0.010607 0.000007 0.000024 0.001420 0.000114   0.2132          -5.501 2.895 8.266 0.000000 0.700432 0.252861 0.000000 0.000000 0.020093 0.000000 0.002080 0.001039 0.021193
28 8.3887720E+06  18.4485 5.118 3.567 0.679998 0.300001 0.004461 0.000077 0.001397 0.010607 0.000007 0.000024 0.001420 0.000114   0.2182          -5.497 2.901 8.271 0.000000 0.649561 0.294558 0.000000 0.000000 0.029015 0.000000 0.000961 0.001042 0.022547
29 8.4241870E+06  18.3353 5.120 3.566 0.679998 0.300001 0.004460 0.000079 0.001397 0.010607 0.000007 0.000024 0.001420 0.000114   0.2234          -5.493 2.906 8.275 0.000000 0.600118 0.332471 0.000000 0.000000 0.040434 0.000000 0.000476 0.001050 0.023122
30 8.4583370E+06  18.2251 5.123 3.566 0.679998 0.300001 0.004458 0.000081 0.001398 0.010607 0.000007 0.000024 0.001420 0.000114   0.2283          -5.490 2.913 8.280 0.000000 0.549272 0.369192 0.000000 0.000000 0.054495 0.000000 0.000208 0.001054 0.023429
31 8.4950170E+06  18.1057 5.125 3.566 0.679998 0.300001 0.004455 0.000083 0.001398 0.010607 0.000007 0.000024 0.001420 0.000114   0.2341          -5.486 2.920 8.284 0.000000 0.499430 0.401375 0.000000 0.000000 0.072128 0.000000 0.000119 0.001062 0.023509
32 8.5342260E+06  17.9770 5.128 3.565 0.679997 0.300002 0.004452 0.000087 0.001398 0.010607 0.000007 0.000024 0.001420 0.000114   0.2405          -5.481 2.928 8.290 0.000000 0.449701 0.428800 0.000000 0.000000 0.094423 0.000000 0.000103 0.001070 0.023491
33 8.5709060E+06  17.8554 5.131 3.565 0.679997 0.300002 0.004447 0.000091 0.001399 0.010607 0.000007 0.000024 0.001420 0.000114   0.2459          -5.478 2.936 8.295 0.000000 0.399138 0.453315 0.000000 0.000000 0.120451 0.000000 0.000058 0.001075 0.023498
34 8.6113800E+06  17.7200 5.134 3.564 0.679996 0.300003 0.004441 0.000097 0.001400 0.010607 0.000007 0.000024 0.001420 0.000114   0.2535          -5.473 2.949 8.302 0.000000 0.350514 0.469481 0.000000 0.000000 0.152891 0.000000 0.000034 0.001082 0.023461
35 8.6556480E+06  17.5705 5.137 3.564 0.679946 0.300052 0.004431 0.000105 0.001405 0.010605 0.000007 0.000024 0.001420 0.000114   0.2605          -5.469 2.963 8.309 0.000000 0.300311 0.477526 0.000000 0.000000 0.195024 0.000000 0.000015 0.001090 0.023383
36 8.6958950E+06  17.4333 5.140 3.563 0.679770 0.300228 0.004415 0.000115 0.001419 0.010600 0.000007 0.000024 0.001420 0.000114   0.2674          -5.466 2.981 8.318 0.000000 0.250585 0.479604 0.000000 0.000000 0.242647 0.000000 0.000020 0.001094 0.023240
37 8.7433380E+06  17.2703 5.142 3.563 0.677805 0.302189 0.004325 0.000134 0.001557 0.010538 0.000007 0.000024 0.001420 0.000114   0.2744          -5.463 3.003 8.328 0.000000 0.200755 0.466001 0.000000 0.000000 0.306035 0.000000 0.000007 0.001101 0.023028
38 8.7972650E+06  17.0844 5.144 3.561 0.674539 0.305448 0.004182 0.000162 0.001785 0.010434 0.000007 0.000023 0.001420 0.000114   0.2811          -5.462 3.033 8.340 0.000000 0.149765 0.429705 0.000000 0.000000 0.393237 0.000000 0.000000 0.001109 0.022598
39 8.8409720E+06  16.9338 5.146 3.559 0.671822 0.308159 0.004064 0.000184 0.001975 0.010348 0.000007 0.000023 0.001420 0.000114   0.2869          -5.463 3.075 8.356 0.000000 0.100610 0.387491 0.000000 0.000000 0.484481 0.000000 0.000000 0.001113 0.021930
40 8.8891380E+06  16.7690 5.145 3.556 0.657280 0.322706 0.003728 0.000208 0.002728 0.009907 0.000007 0.000021 0.001420 0.000114   0.2879          -5.474 3.145 8.381 0.000000 0.050910 0.313472 0.000000 0.000000 0.607892 0.000000 0.000000 0.001132 0.020348
41 8.9104460E+06  16.6979 5.144 3.554 0.638824 0.341177 0.003384 0.000206 0.003616 0.009356 0.000007 0.000019 0.001420 0.000114   0.2843          -5.480 3.193 8.398 0.000000 0.030846 0.270393 0.000000 0.000000 0.670737 0.000000 0.000000 0.001175 0.018948
42 8.9335050E+06  16.6219 5.146 3.552 0.615112 0.364900 0.002939 0.000186 0.004732 0.008701 0.000007 0.000017 0.001420 0.000114   0.2749          -5.481 3.289 8.430 0.000000 0.010160 0.216877 0.000000 0.000000 0.744148 0.000000 0.000000 0.001444 0.016096
43 8.9462080E+06  16.5797 5.157 3.549 0.592826 0.387195 0.002521 0.000166 0.005777 0.008091 0.000006 0.000014 0.001420 0.000114   0.0016          -5.469 3.575 8.523 0.000000 0.000000 0.189614 0.000000 0.000000 0.779189 0.000000 0.000000 0.003219 0.012940
44 8.9488430E+06  16.5703 5.191 3.546 0.581139 0.398887 0.002301 0.000156 0.006326 0.007771 0.000006 0.000013 0.001420 0.000114   0.0000          -5.409 3.835 8.602 0.000000 0.000000 0.189614 0.000000 0.000000 0.779189 0.000000 0.000000 0.003219 0.012940
45 8.9546060E+06  16.5467 5.203 3.546 0.579664 0.400362 0.002273 0.000154 0.006396 0.007731 0.000006 0.000013 0.001420 0.000114   0.0000          -5.389 4.231 8.702 0.000000 0.000000 0.189614 0.000000 0.000000 0.779189 0.000000 0.000000 0.003219 0.012940
46 8.9596260E+06  16.5220 5.273 3.548 0.575744 0.404284 0.002199 0.000150 0.006581 0.007623 0.000007 0.000012 0.001420 0.000114   0.0000          -5.230 4.872 8.822 0.000000 0.000000 0.188705 0.000000 0.000000 0.778586 0.000000 0.000000 0.004731 0.012940
47 8.9602360E+06  16.5183 5.282 3.547 0.575467 0.404561 0.002195 0.000150 0.006593 0.007615 0.000007 0.000012 0.001420 0.000114   0.0050          -5.216 5.235 8.914 0.000000 0.000000 0.147805 0.000000 0.000000 0.751692 0.000000 0.000000 0.072037 0.012940
48 8.9602840E+06  16.5180 5.282 3.547 0.575467 0.404561 0.002195 0.000150 0.006593 0.007615 0.000007 0.000012 0.001420 0.000114   0.0145          -5.216 5.262 8.937 0.000000 0.000000 0.113244 0.000000 0.000000 0.729539 0.000000 0.000000 0.127458 0.012940
49 8.9603140E+06  16.5178 5.282 3.547 0.575467 0.404561 0.002195 0.000150 0.006593 0.007615 0.000007 0.000012 0.001420 0.000114   0.0166          -5.216 5.301 8.952 0.000000 0.000000 0.075314 0.000000 0.000000 0.705708 0.000000 0.000000 0.187063 0.012940
50 8.9603360E+06  16.5177 5.282 3.547 0.575467 0.404561 0.002195 0.000150 0.006593 0.007615 0.000007 0.000012 0.001420 0.000114   0.0084          -5.216 5.386 8.965 0.000000 0.000000 0.037876 0.000000 0.000000 0.682634 0.000000 0.000000 0.244769 0.012940
51 8.9603880E+06  16.5174 5.281 3.547 0.575421 0.404607 0.002194 0.000150 0.006595 0.007614 0.000007 0.000012 0.001420 0.000114   0.0000          -5.220 5.986 9.006 0.000000 0.000000 0.000995 0.000000 0.000000 0.660539 0.000000 0.000000 0.300019 0.012940
