 1 1.0000761E+05  11.9997 4.013 4.448 0.680000 0.300000 0.004466 0.000072 0.001397 0.010607 0.000007 0.000024 0.001420 0.000114   0.4084          -8.590 0.858 7.513 0.677526 0.301812 0.000080 0.000025 0.006784 0.010364 0.000028 0.000000 0.001420 0.000114
 2 2.6122500E+06  11.9927 4.051 4.440 0.680000 0.300000 0.004466 0.000072 0.001397 0.010607 0.000007 0.000024 0.001420 0.000114   0.3914          -8.515 0.826 7.508 0.619928 0.359974 0.000120 0.000038 0.010608 0.005933 0.000017 0.000000 0.001420 0.000114
 3 5.5551050E+06  11.9824 4.104 4.433 0.680000 0.300000 0.004466 0.000072 0.001397 0.010607 0.000007 0.000024 0.001420 0.000114   0.3681          -8.403 0.814 7.512 0.540906 0.439317 0.000147 0.000046 0.012775 0.003418 0.000009 0.000000 0.001420 0.000114
 4 8.0461230E+06  11.9712 4.156 4.425 0.680000 0.300000 0.004466 0.000072 0.001397 0.010607 0.000007 0.000024 0.001420 0.000114   0.3443          -8.296 0.814 7.519 0.460508 0.519878 0.000163 0.000051 0.013868 0.002145 0.000005 0.000000 0.001420 0.000114
 5 1.0102171E+07  11.9595 4.205 4.415 0.680000 0.300000 0.004466 0.000072 0.001397 0.010607 0.000007 0.000024 0.001420 0.000114   0.3217          -8.197 0.821 7.528 0.380659 0.599818 0.000176 0.000055 0.014468 0.001440 0.000003 0.000000 0.001420 0.000114
 6 1.1829136E+07  11.9473 4.252 4.402 0.680000 0.300000 0.004466 0.000072 0.001397 0.010607 0.000007 0.000024 0.001420 0.000114   0.2977          -8.105 0.835 7.538 0.300074 0.680457 0.000187 0.000058 0.014817 0.001024 0.000002 0.000000 0.001420 0.000114
 7 1.3269885E+07  11.9348 4.296 4.386 0.680000 0.300000 0.004466 0.000072 0.001397 0.010607 0.000007 0.000024 0.001420 0.000114   0.2744          -8.017 0.860 7.550 0.219243 0.761322 0.000197 0.000062 0.015021 0.000773 0.000001 0.000000 0.001420 0.000114
 8 1.4171446E+07  11.9255 4.327 4.371 0.680000 0.300000 0.004466 0.000072 0.001397 0.010607 0.000007 0.000024 0.001420 0.000114   0.2571          -7.955 0.887 7.561 0.159761 0.820821 0.000206 0.000064 0.015114 0.000652 0.000001 0.000000 0.001420 0.000114
 9 1.4941304E+07  11.9164 4.356 4.354 0.680000 0.300000 0.004466 0.000072 0.001397 0.010607 0.000007 0.000024 0.001420 0.000114   0.2371          -7.897 0.928 7.576 0.100660 0.879934 0.000217 0.000068 0.015175 0.000564 0.000001 0.000000 0.001420 0.000114
10 1.5409817E+07  11.9101 4.376 4.342 0.680000 0.300000 0.004466 0.000072 0.001397 0.010607 0.000007 0.000024 0.001420 0.000114   0.2250          -7.854 0.973 7.591 0.059996 0.920607 0.000228 0.000071 0.015200 0.000515 0.000001 0.000000 0.001420 0.000114
11 1.5714928E+07  11.9057 4.391 4.336 0.680000 0.300000 0.004466 0.000072 0.001397 0.010607 0.000007 0.000024 0.001420 0.000114   0.2155          -7.821 1.028 7.610 0.030810 0.949800 0.000243 0.000076 0.015207 0.000483 0.000000 0.000000 0.001420 0.000114
12 1.5999326E+07  11.9011 4.425 4.362 0.680000 0.300000 0.004466 0.000072 0.001397 0.010607 0.000007 0.000024 0.001420 0.000114   0.2004          -7.743 1.264 7.686 0.001654 0.978972 0.000306 0.000094 0.015147 0.000445 0.000000 0.000000 0.001420 0.000114
13 1.6017585E+07  11.9008 4.462 4.388 0.680000 0.300000 0.004466 0.000072 0.001397 0.010607 0.000007 0.000024 0.001420 0.000114   0.0000          -7.656 1.645 7.781 0.000000 0.980638 0.000363 0.000110 0.015066 0.000442 0.000000 0.000000 0.001420 0.000114
14 1.6022597E+07  11.9007 4.433 4.369 0.680000 0.300000 0.004466 0.000072 0.001397 0.010607 0.000007 0.000024 0.001420 0.000114   0.0000          -7.724 1.958 7.817 0.000000 0.980638 0.000363 0.000110 0.015066 0.000442 0.000000 0.000000 0.001420 0.000114
15 1.6033695E+07  11.9004 4.462 4.270 0.680000 0.300000 0.004466 0.000072 0.001397 0.010607 0.000007 0.000024 0.001420 0.000114   0.0000          -7.642 2.479 7.919 0.000000 0.980637 0.000363 0.000110 0.015066 0.000442 0.000000 0.000000 0.001420 0.000114
16 1.6043361E+07  11.9002 4.455 4.134 0.680000 0.300000 0.004466 0.000072 0.001397 0.010607 0.000007 0.000024 0.001420 0.000114   0.0000          -7.506 2.849 8.020 0.000000 0.980620 0.000363 0.000052 0.015066 0.000514 0.000000 0.000000 0.001420 0.000114
17 1.6048659E+07  11.9000 4.418 4.001 0.680000 0.300000 0.004466 0.000072 0.001397 0.010607 0.000007 0.000024 0.001420 0.000114   0.0000          -7.317 3.033 8.076 0.000000 0.980601 0.000365 0.000000 0.015063 0.000578 0.000000 0.000004 0.001420 0.000114
18 1.6051849E+07  11.8998 4.362 3.860 0.680000 0.300000 0.004466 0.000072 0.001397 0.010607 0.000007 0.000024 0.001420 0.000114   0.0000          -7.076 3.138 8.110 0.000000 0.980536 0.000407 0.000000 0.014984 0.000578 0.000000 0.000106 0.001420 0.000114
19 1.6053589E+07  11.8996 4.282 3.726 0.680000 0.300000 0.004466 0.000072 0.001397 0.010607 0.000007 0.000024 0.001420 0.000114   0.0000          -6.875 3.179 8.126 0.000000 0.980303 0.000551 0.000000 0.014673 0.000578 0.000000 0.000505 0.001420 0.000114
20 1.6055455E+07  11.8993 4.112 3.599 0.679997 0.300001 0.004461 0.000077 0.001397 0.010607 0.000007 0.000024 0.001420 0.000114   0.0000          -6.833 3.193 8.141 0.000000 0.979480 0.001038 0.000000 0.013498 0.000578 0.000000 0.002015 0.001420 0.000114
21 1.6056729E+07  11.8987 4.542 3.563 0.648199 0.331720 0.003012 0.000183 0.003958 0.009489 0.000009 0.000018 0.001420 0.000114   0.0000          -6.227 3.183 8.154 0.000000 0.978085 0.001838 0.000000 0.011420 0.000579 0.000000 0.004686 0.001420 0.000116
22 1.6115004E+07  11.8593 4.599 3.555 0.641653 0.338274 0.002907 0.000177 0.004264 0.009287 0.000009 0.000018 0.001420 0.000114   0.1075          -6.183 3.180 8.205 0.000000 0.951666 0.024802 0.000000 0.000029 0.000705 0.000000 0.019007 0.000299 0.000425
23 1.6195381E+07  11.8119 4.504 3.559 0.641653 0.338274 0.002907 0.000177 0.004264 0.009287 0.000009 0.000018 0.001420 0.000114   0.1174          -6.276 3.156 8.212 0.000000 0.901353 0.073843 0.000000 0.000011 0.001752 0.000000 0.018050 0.000276 0.001622
24 1.6277144E+07  11.7730 4.423 3.563 0.641653 0.338274 0.002907 0.000177 0.004264 0.009287 0.000009 0.000018 0.001420 0.000114   0.1244          -6.360 3.143 8.217 0.000000 0.850083 0.122515 0.000000 0.000007 0.004070 0.000000 0.016805 0.000258 0.003150
25 1.6347969E+07  11.7437 4.390 3.568 0.641653 0.338274 0.002907 0.000177 0.004264 0.009287 0.000009 0.000018 0.001420 0.000114   0.1292          -6.400 3.139 8.220 0.000000 0.801225 0.167685 0.000000 0.000011 0.007453 0.000000 0.015423 0.000253 0.004832
26 1.6422966E+07  11.7144 4.386 3.575 0.641653 0.338274 0.002907 0.000177 0.004264 0.009287 0.000009 0.000018 0.001420 0.000114   0.1326          -6.413 3.138 8.224 0.000000 0.750388 0.213168 0.000000 0.000005 0.012441 0.000000 0.013794 0.000256 0.006832
27 1.6467932E+07  11.6963 4.478 3.596 0.641653 0.338274 0.002907 0.000177 0.004264 0.009287 0.000009 0.000018 0.001420 0.000114   0.1339          -6.333 3.139 8.227 0.000000 0.717961 0.241412 0.000000 0.000000 0.016371 0.000000 0.012673 0.000264 0.008210
28 1.6472437E+07  11.6942 4.539 3.729 0.641653 0.338274 0.002907 0.000177 0.004264 0.009287 0.000009 0.000018 0.001420 0.000114   0.1336          -6.412 3.139 8.227 0.000000 0.714539 0.244366 0.000000 0.000000 0.016812 0.000000 0.012552 0.000264 0.008358
29 1.6478782E+07  11.6926 4.557 3.894 0.641653 0.338274 0.002907 0.000177 0.004264 0.009287 0.000009 0.000018 0.001420 0.000114   0.1332          -6.728 3.140 8.227 0.000000 0.709722 0.248512 0.000000 0.000000 0.017445 0.000000 0.012381 0.000264 0.008567
30 1.6489567E+07  11.6913 4.554 4.011 0.641653 0.338274 0.002907 0.000177 0.004264 0.009287 0.000009 0.000018 0.001420 0.000114   0.1334          -7.024 3.141 8.228 0.000000 0.701528 0.255525 0.000000 0.000000 0.018561 0.000000 0.012088 0.000264 0.008925
31 1.6566566E+07  11.6856 4.556 4.074 0.641653 0.338274 0.002907 0.000177 0.004264 0.009287 0.000009 0.000018 0.001420 0.000114   0.1365          -7.154 3.141 8.232 0.000000 0.650080 0.297841 0.000000 0.000002 0.027250 0.000000 0.010091 0.000292 0.011363
32 1.6636607E+07  11.6807 4.563 4.087 0.641653 0.338274 0.002907 0.000177 0.004264 0.009287 0.000009 0.000018 0.001420 0.000114   0.1394          -7.163 3.144 8.237 0.000000 0.600382 0.336886 0.000000 0.000004 0.037455 0.000000 0.008080 0.000306 0.013816
33 1.6712035E+07  11.6756 4.569 4.101 0.641653 0.338274 0.002907 0.000177 0.004264 0.009287 0.000009 0.000018 0.001420 0.000114   0.1422          -7.177 3.147 8.241 0.000000 0.550385 0.373368 0.000000 0.000002 0.050507 0.000000 0.006005 0.000332 0.016353
34 1.6858636E+07  11.6655 4.575 4.090 0.641653 0.338274 0.002907 0.000177 0.004264 0.009287 0.000009 0.000018 0.001420 0.000114   0.1479          -7.141 3.157 8.252 0.000000 0.451198 0.437193 0.000000 0.000004 0.085072 0.000000 0.002437 0.000360 0.020696
35 1.7024248E+07  11.6530 4.581 4.076 0.641653 0.338274 0.002907 0.000177 0.004264 0.009287 0.000009 0.000018 0.001420 0.000114   0.1548          -7.099 3.173 8.264 0.000000 0.351563 0.481561 0.000000 0.000000 0.139921 0.000000 0.000616 0.000384 0.022893
36 1.7181926E+07  11.6397 4.586 4.058 0.641653 0.338274 0.002907 0.000177 0.004264 0.009287 0.000009 0.000018 0.001420 0.000114   0.1610          -7.049 3.201 8.280 0.000000 0.250568 0.503648 0.000000 0.000001 0.218692 0.000000 0.000077 0.000375 0.023472
37 1.7348624E+07  11.6234 4.589 4.022 0.641653 0.338274 0.002907 0.000177 0.004264 0.009287 0.000009 0.000018 0.001420 0.000114   0.1659          -6.964 3.246 8.302 0.000000 0.151618 0.479896 0.000000 0.000000 0.341338 0.000000 0.000008 0.000405 0.023364
38 1.7518410E+07  11.6000 4.577 3.906 0.641653 0.338274 0.002907 0.000177 0.004264 0.009287 0.000009 0.000018 0.001420 0.000114   0.1657          -6.713 3.350 8.342 0.000000 0.051835 0.377095 0.000000 0.000000 0.543775 0.000000 0.000000 0.000413 0.022589
39 1.7558430E+07  11.5904 4.560 3.809 0.641653 0.338274 0.002907 0.000177 0.004264 0.009287 0.000009 0.000018 0.001420 0.000114   0.1622          -6.524 3.396 8.358 0.000000 0.030975 0.334652 0.000000 0.000000 0.606979 0.000000 0.000000 0.000417 0.022055
40 1.7579834E+07  11.5822 4.489 3.610 0.641653 0.338274 0.002907 0.000177 0.004264 0.009287 0.000009 0.000018 0.001420 0.000114   0.1589          -6.331 3.432 8.370 0.000000 0.020465 0.309057 0.000000 0.000000 0.642995 0.000000 0.000000 0.000421 0.021604
41 1.7584740E+07  11.5801 4.398 3.576 0.641653 0.338274 0.002907 0.000177 0.004264 0.009287 0.000009 0.000018 0.001420 0.000114   0.1596          -6.408 3.442 8.374 0.000000 0.018081 0.302858 0.000000 0.000000 0.651553 0.000000 0.000000 0.000423 0.021472
42 1.7597268E+07  11.5741 4.479 3.559 0.641653 0.338274 0.002907 0.000177 0.004264 0.009287 0.000009 0.000018 0.001420 0.000114   0.1559          -6.301 3.474 8.384 0.000000 0.011988 0.286346 0.000000 0.000000 0.674075 0.000000 0.000000 0.000432 0.021058
43 1.7625624E+07  11.5594 4.533 3.553 0.641653 0.338274 0.002907 0.000177 0.004264 0.009287 0.000009 0.000018 0.001420 0.000114   0.0000          -6.247 3.810 8.486 0.000000 0.000000 0.252208 0.000000 0.000000 0.719695 0.000000 0.000000 0.000622 0.019354
44 1.7649588E+07  11.5441 4.673 3.543 0.641643 0.338276 0.002850 0.000185 0.004323 0.009287 0.000009 0.000017 0.001420 0.000114   0.0000          -6.116 4.543 8.617 0.000000 0.000000 0.252208 0.000000 0.000000 0.719695 0.000000 0.000000 0.000622 0.019354
45 1.7661208E+07  11.5344 4.741 3.537 0.641580 0.338332 0.002803 0.000182 0.004385 0.009281 0.000009 0.000017 0.001420 0.000114   0.0000          -6.057 4.950 8.698 0.000000 0.000000 0.252207 0.000000 0.000000 0.719695 0.000000 0.000000 0.000623 0.019354
46 1.7670130E+07  11.5262 4.777 3.535 0.641477 0.338435 0.002793 0.000182 0.004405 0.009273 0.000009 0.000017 0.001420 0.000114   0.0314          -6.024 5.517 8.867 0.000000 0.000000 0.241552 0.000000 0.000000 0.712616 0.000000 0.000000 0.018347 0.019360
47 1.7671304E+07  11.5251 4.782 3.535 0.641444 0.338468 0.002791 0.000181 0.004409 0.009271 0.000009 0.000017 0.001420 0.000114   0.0498          -6.020 5.451 8.880 0.000000 0.000000 0.199585 0.000000 0.000000 0.685281 0.000000 0.000000 0.086785 0.019361
48 1.7673138E+07  11.5233 4.796 3.534 0.641364 0.338548 0.002788 0.000181 0.004417 0.009265 0.000009 0.000017 0.001420 0.000114   0.0723          -6.007 5.424 8.893 0.000000 0.000000 0.150481 0.000000 0.000000 0.654436 0.000000 0.000000 0.163981 0.019362
49 1.7674088E+07  11.5224 4.803 3.534 0.641306 0.338606 0.002786 0.000181 0.004422 0.009262 0.000009 0.000017 0.001420 0.000114   0.0764          -6.000 5.466 8.909 0.000000 0.000000 0.100990 0.000000 0.000000 0.623995 0.000000 0.000000 0.240149 0.019362
50 1.7674612E+07  11.5218 4.806 3.534 0.641279 0.338633 0.002785 0.000181 0.004425 0.009260 0.000009 0.000017 0.001420 0.000114   0.0288          -5.997 5.578 8.933 0.000000 0.000000 0.045756 0.000000 0.000000 0.591076 0.000000 0.000000 0.322491 0.019362
51 1.7674934E+07  11.5215 4.808 3.534 0.641257 0.338655 0.002785 0.000181 0.004426 0.009259 0.000009 0.000017 0.001420 0.000114   0.0000          -5.995 6.156 8.931 0.000000 0.000000 0.001023 0.000000 0.000000 0.565278 0.000000 0.000000 0.387005 0.019362
