hd000144_swp15936 206.847 2.996E-01 181.006 7.595E-02
hd000144_swp29402 261.939 3.025E-01 219.949 9.648E-02
hd000315_swp51670 281.883 2.370E-01 187.273 8.613E-02
hd000358_swp14954 110.663 3.727E-01 91.209 8.027E-02
hd000358_swp40448 107.088 3.436E-01 157.523 9.506E-02
hd001279_swp06756 65.946 5.284E-01 175.490 6.815E-02
hd001909_swp23106 61.177 3.624E-01 90.439 9.017E-02
hd001976_swp06250 239.935 4.079E-01 156.345 1.232E-01
hd002626_swp46894 444.485 2.438E-01 538.475 5.811E-02
hd002884_swp53043 371.777 1.856E-01 178.624 7.064E-02
hd002905_swp14939 158.589 3.254E-01 142.469 4.031E-01
hd002905_swp40359 165.457 3.021E-01 135.803 4.512E-01
hd002905_swp54038 168.226 2.912E-01 133.309 4.424E-01
hd003240_swp53240 136.396 3.992E-01 123.486 1.142E-01
hd003360_swp53874 63.545 6.743E-01 69.130 4.172E-01
hd003369_swp09141 83.261 5.680E-01 125.163 1.531E-01
hd003379_swp20584 105.491 5.754E-01 110.112 2.566E-01
hd003901_swp52659 303.343 3.595E-01 196.024 1.600E-01
hd004142_swp14612 297.305 3.005E-01 223.977 1.056E-01
hd004180_swp20436 316.839 3.009E-01 168.014 1.099E-01
hd004727_swp51960 66.360 6.126E-01 85.763 1.837E-01
hd005394_swp17093 505.037 1.317E-01 409.281 3.056E-01
hd005394_swp53910 419.600 1.417E-01 355.631 3.315E-01
hd005394_swp56621 410.435 1.311E-01 332.499 3.220E-01
hd005737_swp32137 63.847 6.008E-01 72.730 1.655E-01
hd006811_swp20437 132.451 3.855E-01 117.400 1.052E-01
hd007374_swp18972 64.284 4.279E-01 67.190 8.350E-02
hd009996_swp18437 234.031 9.345E-02 43.303 1.101E-02
hd010390_swp18023 100.112 3.933E-01 170.675 6.853E-02
hd010516_swp14690 559.727 1.907E-01 338.405 1.678E-01
hd010516_swp18104 451.774 1.895E-01 371.224 1.253E-01
hd010982_swp06814 83.454 3.795E-01 80.059 6.593E-02
hd011241_swp49469 318.176 2.883E-01 193.515 2.277E-01
hd011415_swp32615 83.030 6.396E-01 90.427 1.951E-01
hd012301_swp04265 79.624 5.950E-01 90.819 1.594E-01
hd012767_swp51130 103.004 3.937E-01 142.370 9.659E-02
hd013267_swp51892 92.238 4.567E-01 119.786 4.366E-01
hd013294_swp40511 338.315 1.572E-01 198.375 6.128E-02
hd013709_swp55256 483.454 1.963E-01 388.003 5.188E-02
hd014228_swp51597 423.568 2.340E-01 232.402 7.648E-02
hd014818_swp09416 125.241 4.412E-01 128.189 2.966E-01
hd014951_swp05605 270.930 3.359E-01 192.390 6.872E-02
hd015130_swp18007 414.778 2.231E-01 164.494 4.676E-02
hd015318_swp48525 101.033 3.202E-01 176.066 7.108E-02
hd015371_swp21046 59.451 6.344E-01 70.601 1.414E-01
hd016978_swp24455 208.763 2.744E-01 192.566 5.780E-02
hd017036_swp46700 363.684 2.250E-01 273.899 7.273E-02
hd017081_swp16256 64.864 5.875E-01 62.143 1.114E-01
hd017081_swp32304 67.256 5.632E-01 68.054 1.033E-01
hd017543_swp42210 126.427 4.832E-01 126.908 1.579E-01
hd017573_swp40510 361.196 2.453E-01 170.833 6.875E-02
hd017769_swp18008 290.947 3.243E-01 172.971 1.003E-01
hd018296_swp03154 72.907 3.109E-01 429.570 3.908E-02
hd018537_swp48527 168.608 3.213E-01 161.865 9.254E-02
hd018552_swp55906 458.912 2.190E-01 351.168 1.904E-01
hd019356_swp37021 100.978 4.383E-01 147.630 8.699E-02
hd019400_swp04415 71.208 4.761E-01 61.184 1.029E-01
hd019832_swp39685 394.918 2.321E-01 667.854 4.493E-02
hd020315_swp18024 409.567 2.388E-01 211.919 5.664E-02
hd020319_swp07840 274.084 2.881E-01 204.508 5.726E-02
hd020336_swp29401 428.055 2.692E-01 296.981 1.494E-01
hd020809_swp49124 308.508 3.454E-01 178.978 1.195E-01
hd021291_swp10612 82.394 4.790E-01 89.210 1.459E-01
hd021362_swp18027 449.312 2.417E-01 275.642 7.660E-02
hd021428_swp49532 254.872 3.677E-01 170.108 1.533E-01
hd021551_swp26895 468.510 2.314E-01 581.401 5.754E-02
hd021699_swp04377 86.975 5.750E-01 76.954 1.551E-01
hd021699_swp32136 78.641 5.512E-01 90.661 1.743E-01
hd021790_swp24553 161.276 3.158E-01 146.901 9.224E-02
hd022192_swp04558 374.202 2.738E-01 184.421 6.585E-02
hd022192_swp42673 379.747 2.651E-01 193.505 9.448E-02
hd022316_swp49775 58.940 3.252E-01 439.847 5.095E-02
hd022316_swp49777 61.648 3.213E-01 506.358 5.828E-02
hd022470_swp04542 120.098 3.960E-01 79.014 9.671E-02
hd022780_swp29392 430.889 2.499E-01 334.136 6.033E-02
hd022920_swp14506 82.281 4.996E-01 86.284 1.361E-01
hd022928_swp47041 343.026 3.052E-01 220.585 1.028E-01
hd022951_swp06248 83.789 4.348E-01 85.022 6.487E-01
hd022951_swp08023 108.977 4.025E-01 92.667 5.957E-01
hd023016_swp40509 427.061 2.387E-01 258.553 6.369E-02
hd023180_swp50031 145.399 3.618E-01 131.656 3.322E-01
hd023227_swp40256 322.735 3.439E-01 191.017 1.118E-01
hd023302_swp07920 287.566 3.210E-01 178.261 1.146E-01
hd023302_swp27514 286.422 3.191E-01 174.971 1.064E-01
hd023324_swp07923 395.921 2.487E-01 180.210 5.377E-02
hd023338_swp40508 234.725 3.658E-01 148.985 1.124E-01
hd023383_swp19342 450.292 1.381E-01 63.254 5.062E-02
hd023408_swp05985 71.262 5.297E-01 74.403 1.212E-01
hd023466_swp20582 187.652 4.619E-01 142.234 1.811E-01
hd023480_swp05944 366.314 2.917E-01 252.652 8.205E-02
hd023480_swp27666 388.711 2.663E-01 154.789 7.672E-02
hd023552_swp10046 376.321 2.790E-01 250.066 8.091E-02
hd023630_swp08021 334.733 2.879E-01 162.457 9.533E-02
hd023793_swp20583 87.279 6.302E-01 93.053 1.951E-01
hd023850_swp05977 350.182 2.801E-01 276.107 5.448E-02
hd023862_swp53233 463.537 2.338E-01 723.511 4.727E-02
hd023862_swp54080 447.251 2.438E-01 570.344 5.832E-02
hd024072_swp40455 460.421 1.526E-01 141.136 4.164E-02
hd024072_swp48345 99.641 1.463E-01 369.328 4.875E-02
hd024131_swp20845 144.676 3.743E-01 126.962 5.258E-01
hd024388_swp40456 228.532 3.560E-01 152.178 1.024E-01
hd024398_swp06454 112.089 4.760E-01 107.191 4.241E-01
hd024479_swp20434 128.117 3.283E-01 146.603 7.708E-02
hd024504_swp18025 357.605 2.859E-01 212.414 1.018E-01
hd024534_swp02082 362.925 1.072E-01 297.030 3.189E-01
hd024534_swp10789 471.398 1.011E-01 313.019 3.376E-01
hd024626_swp04788 89.323 5.607E-01 80.854 1.320E-01
hd024640_swp53315 212.206 3.354E-01 151.320 3.332E-01
hd024760_swp06711 244.576 2.802E-01 204.110 4.025E-01
hd024760_swp56579 234.849 2.616E-01 183.442 4.397E-01
hd025204_swp03297 164.598 4.733E-01 122.423 1.619E-01
hd025267_swp07540 84.521 3.884E-01 70.545 9.271E-02
hd025340_swp18020 151.889 4.310E-01 131.882 1.308E-01
hd025558_swp20595 100.319 6.067E-01 112.906 1.935E-01
hd025940_swp54081 282.260 3.428E-01 148.939 1.393E-01
hd026326_swp20586 65.551 7.193E-01 87.947 1.847E-01
hd026356_swp29400 394.773 3.084E-01 280.577 1.130E-01
hd026571_swp19628 58.563 2.470E-01 253.315 7.031E-02
hd026670_swp20435 437.755 2.428E-01 328.410 6.913E-02
hd026676_swp34223 405.733 2.909E-01 262.074 8.306E-02
hd026912_swp22280 118.366 5.581E-01 109.763 1.891E-01
hd027192_swp49849 255.400 2.953E-01 182.564 3.555E-01
hd027295_swp49761 61.687 3.793E-01 77.512 9.058E-02
hd027376_swp53040 72.533 3.929E-01 76.492 1.112E-01
hd027742_swp46672 372.147 2.469E-01 234.179 7.749E-02
hd027778_swp21298 235.510 3.391E-01 162.239 1.353E-01
hd028149_swp45496 258.787 3.266E-01 195.381 1.133E-01
hd028446_swp22429 418.535 1.203E-01 384.596 3.150E-01
hd028459_swp18022 450.575 1.871E-01 262.880 3.802E-02
hd028497_swp08594 471.863 2.344E-01 395.529 1.616E-01
hd028843_swp07522 234.321 3.205E-01 159.514 1.152E-01
hd028843_swp21098 235.136 3.351E-01 155.379 8.914E-02
hd028867_swp49847 460.564 1.347E-01 369.235 4.148E-02
hd029248_swp04359 71.728 6.373E-01 72.361 3.926E-01
hd029335_swp39767 164.752 4.139E-01 134.461 1.361E-01
hd029763_swp02637 184.483 4.556E-01 158.823 1.490E-01
hd029763_swp45931 170.840 4.632E-01 141.907 1.798E-01
hd029866_swp10047 439.562 2.521E-01 352.760 5.520E-02
hd030836_swp02358 82.699 6.396E-01 84.268 3.486E-01
hd031237_swp21998 156.798 4.666E-01 122.052 3.190E-01
hd031327_swp21280 104.524 4.696E-01 119.013 2.974E-01
hd031331_swp40502 298.109 3.644E-01 183.836 1.280E-01
hd032249_swp48993 101.108 5.503E-01 92.663 2.774E-01
hd032309_swp40454 523.204 1.397E-01 624.317 3.892E-02
hd032343_swp06932 132.658 5.309E-01 101.993 1.557E-01
hd032343_swp32558 146.595 4.735E-01 119.666 1.811E-01
hd032612_swp20588 98.271 5.760E-01 96.099 3.120E-01
hd032630_swp44004 172.118 4.401E-01 128.920 1.807E-01
hd032990_swp14842 109.561 5.859E-01 106.700 2.669E-01
hd032990_swp21489 112.607 5.439E-01 114.323 2.569E-01
hd032991_swp14840 328.686 3.038E-01 191.381 1.620E-01
hd033328_swp55944 393.508 2.939E-01 240.766 1.047E-01
hd033904_swp40118 64.689 4.338E-01 74.641 1.198E-01
hd034085_swp15001 88.677 5.535E-01 97.327 1.506E-01
hd034085_swp41077 86.640 5.571E-01 92.605 1.592E-01
hd034310_swp40255 339.263 2.357E-01 201.319 8.820E-02
hd034759_swp10389 99.483 6.569E-01 88.788 1.731E-01
hd034759_swp38308 121.828 5.375E-01 103.663 1.776E-01
hd034797_swp24995 269.301 2.322E-01 230.645 6.965E-02
hd034798_swp21787 94.532 5.389E-01 98.516 1.610E-01
hd034816_swp56888 79.934 3.250E-01 78.681 7.589E-01
hd034863_swp40254 467.833 2.190E-01 512.701 5.576E-02
hd034959_swp35918 424.306 2.784E-01 333.788 7.983E-02
hd035149_swp30052 469.157 2.270E-01 357.517 2.112E-01
hd035407_swp22663 401.668 2.707E-01 227.018 7.520E-02
hd035411_swp13401 212.658 2.805E-01 86.718 5.391E-01
hd035411_swp52811 327.916 1.446E-01 98.327 3.408E-01
hd035439_swp07716 490.992 2.301E-01 390.780 1.597E-01
hd035439_swp50413 451.675 2.422E-01 373.778 1.826E-01
hd035468_swp44092 93.633 5.760E-01 92.574 3.940E-01
hd035497_swp31878 106.994 4.469E-01 126.032 1.174E-01
hd035532_swp35853 391.318 2.709E-01 269.070 1.330E-01
hd035588_swp35893 309.302 2.978E-01 182.983 2.012E-01
hd035600_swp52723 74.555 4.503E-01 96.052 9.204E-02
hd035640_swp40253 407.614 1.690E-01 337.470 5.594E-02
hd035715_swp03264 285.177 2.747E-01 141.609 3.686E-01
hd035715_swp35892 200.743 2.967E-01 146.149 3.688E-01
hd036267_swp35943 282.531 3.337E-01 144.533 1.119E-01
hd036351_swp49065 72.059 5.663E-01 79.618 4.341E-01
hd036371_swp02945 101.257 6.065E-01 108.019 2.219E-01
hd036408_swp29394 132.006 4.094E-01 120.917 1.051E-01
hd036512_swp40415 69.814 1.818E-01 72.018 7.896E-01
hd036576_swp47042 427.390 2.699E-01 259.992 1.636E-01
hd036653_swp35897 274.430 3.053E-01 170.411 1.636E-01
hd036695_swp15639 299.918 2.501E-01 199.401 3.369E-01
hd036779_swp32291 270.353 3.097E-01 181.704 2.043E-01
hd036819_swp46138 146.912 4.786E-01 120.915 2.338E-01
hd036822_swp08595 85.076 3.055E-01 78.179 7.386E-01
hd036822_swp35898 84.231 2.904E-01 79.250 7.294E-01
hd036960_swp56185 77.129 3.658E-01 82.475 7.169E-01
hd037017_swp15816 265.130 2.720E-01 147.476 1.969E-01
hd037018_swp20782 132.294 3.277E-01 107.068 5.311E-01
hd037021_swp53178 299.288 2.594E-01 162.249 2.722E-01
hd037023_swp50205 103.225 2.943E-02 110.043 5.843E-02
hd037055_swp32216 181.988 4.147E-01 134.232 1.897E-01
hd037098_swp46843 215.050 2.914E-01 91.897 1.036E-01
hd037128_swp08110 192.791 1.476E-01 146.773 4.640E-01
hd037128_swp08130 189.714 1.454E-01 141.709 4.680E-01
hd037202_swp03138 293.465 2.891E-01 229.432 1.398E-01
hd037202_swp54067 359.042 2.631E-01 339.329 1.438E-01
hd037232_swp35945 173.819 3.886E-01 129.510 3.634E-01
hd037303_swp36897 487.828 2.237E-01 314.310 2.117E-01
hd037367_swp21013 72.696 6.903E-01 87.995 3.345E-01
hd037438_swp53869 93.120 5.835E-01 94.203 2.152E-01
hd037479_swp02231 218.521 2.725E-01 145.775 1.645E-01
hd037479_swp15817 261.673 2.937E-01 164.689 2.442E-01
hd037481_swp32215 131.289 4.221E-01 118.607 4.190E-01
hd037490_swp15982 297.680 3.456E-01 189.144 2.098E-01
hd037490_swp56758 285.829 3.299E-01 176.792 1.940E-01
hd037519_swp46851 407.386 2.192E-01 312.135 6.829E-02
hd037744_swp08059 73.410 5.731E-01 78.102 5.057E-01
hd037752_swp14987 79.282 5.798E-01 79.888 1.623E-01
hd037756_swp32293 111.358 5.190E-01 100.682 3.864E-01
hd037795_swp55941 344.723 2.835E-01 213.259 1.208E-01
hd037967_swp21491 332.353 2.856E-01 185.068 1.301E-01
hd038771_swp06736 170.006 2.172E-01 135.217 5.029E-01
hd038771_swp08259 157.170 2.180E-01 122.967 5.140E-01
hd038771_swp30267 161.331 2.242E-01 125.129 5.515E-01
hd038899_swp16641 70.342 4.465E-01 64.266 6.553E-02
hd039698_swp03437 226.680 3.846E-01 154.505 2.146E-01
hd039777_swp16881 63.484 6.734E-01 67.676 4.012E-01
hd039844_swp04298 63.024 5.513E-01 64.259 1.231E-01
hd040111_swp04235 222.016 2.632E-01 180.248 4.480E-01
hd040494_swp53044 111.396 5.600E-01 101.064 2.338E-01
hd040967_swp50278 75.599 6.118E-01 75.891 4.060E-01
hd041040_swp04709 137.623 4.064E-01 106.614 9.530E-02
hd041040_swp04710 131.553 4.297E-01 91.894 9.325E-02
hd041117_swp06471 120.052 4.045E-01 125.560 2.924E-01
hd041117_swp40669 127.078 4.203E-01 118.642 3.052E-01
hd041335_swp16526 444.655 2.288E-01 299.767 1.317E-01
hd041335_swp55943 409.493 2.394E-01 317.706 1.961E-01
hd041534_swp10021 127.270 5.418E-01 117.173 2.440E-01
hd041753_swp09934 92.347 6.459E-01 84.637 2.359E-01
hd042054_swp29370 303.119 3.186E-01 179.809 8.853E-02
hd042087_swp08646 136.540 4.577E-01 119.801 3.126E-01
hd042545_swp09896 389.146 2.659E-01 306.366 5.884E-02
hd042560_swp09932 251.632 4.054E-01 181.778 1.366E-01
hd042933_swp07663 336.551 1.890E-01 237.527 3.786E-01
hd043317_swp09949 180.928 4.670E-01 131.485 1.240E-01
hd043384_swp04656 88.702 4.761E-01 98.184 2.008E-01
hd043445_swp40504 447.425 2.240E-01 246.937 5.945E-02
hd043544_swp21911 437.220 2.153E-01 239.003 1.472E-01
hd044112_swp49490 194.538 4.021E-01 130.363 2.397E-01
hd044173_swp06803 287.654 2.859E-01 159.058 8.888E-02
hd044402_swp22111 119.527 5.428E-01 97.689 2.334E-01
hd044458_swp54066 405.955 2.669E-01 296.538 1.578E-01
hd044506_swp36893 391.971 2.618E-01 292.855 1.730E-01
hd044700_swp09948 66.246 7.409E-01 71.371 2.058E-01
hd044743_swp04537 70.563 5.401E-01 74.408 5.393E-01
hd045542_swp27663 343.478 2.840E-01 181.539 8.187E-02
hd045546_swp22112 113.503 5.600E-01 100.246 2.934E-01
hd045725_swp30191 464.639 2.582E-01 324.370 9.749E-02
hd045727_swp30702 423.100 1.182E-01 276.967 3.067E-02
hd045789_swp09884 191.047 3.599E-01 148.241 1.699E-01
hd045813_swp20783 222.771 3.899E-01 152.696 1.457E-01
hd045911_swp09885 60.595 7.336E-01 66.390 3.161E-01
hd045995_swp09936 370.944 2.953E-01 264.336 1.208E-01
hd046485_swp09913 447.145 4.516E-02 418.680 1.924E-01
hd046487_swp18037 399.038 2.654E-01 207.740 8.499E-02
hd046769_swp06341 107.558 5.057E-01 97.981 1.194E-01
hd046885_swp30298 87.817 4.080E-01 77.935 1.071E-01
hd047054_swp21909 372.886 2.797E-01 205.437 8.631E-02
hd047152_swp14957 342.311 1.836E-01 451.038 3.722E-02
hd047240_swp04704 234.099 2.767E-01 178.868 3.077E-01
hd047240_swp48909 221.727 3.108E-01 157.572 3.361E-01
hd047382_swp09882 127.212 1.983E-01 108.427 5.755E-01
hd047431_swp11011 239.251 3.330E-01 153.348 9.955E-02
hd047670_swp33338 358.900 2.645E-01 258.004 7.960E-02
hd047964_swp09887 100.578 4.656E-01 98.063 8.341E-02
hd048279_swp11299 243.865 8.243E-02 204.690 4.068E-01
hd048434_swp06447 140.400 1.936E-01 117.186 5.383E-01
hd048879_swp50256 211.421 4.014E-01 129.307 1.923E-01
hd048917_swp53908 349.419 2.677E-01 256.761 1.794E-01
hd048977_swp09893 66.098 7.231E-01 67.154 2.986E-01
hd049319_swp52923 479.656 2.373E-01 229.813 8.321E-02
hd049333_swp04613 119.947 4.862E-01 93.972 1.266E-01
hd049567_swp09888 124.293 5.885E-01 98.709 2.161E-01
hd049591_swp40505 274.895 2.747E-01 248.189 7.737E-02
hd049606_swp14966 64.823 5.304E-01 64.035 1.290E-01
hd050013_swp15981 409.303 2.655E-01 244.301 2.442E-01
hd050123_swp56825 310.599 2.765E-01 219.778 5.675E-02
hd050707_swp27758 84.261 4.918E-01 86.068 5.820E-01
hd050820_swp21027 108.693 4.082E-01 106.628 1.678E-01
hd051283_swp19710 319.066 3.260E-01 206.528 1.894E-01
hd051309_swp13937 89.724 6.168E-01 96.281 2.597E-01
hd052089_swp54337 86.370 5.397E-01 87.007 4.569E-01
hd052382_swp33293 155.535 3.391E-01 131.060 4.321E-01
hd052918_swp52939 437.504 2.454E-01 346.103 2.062E-01
hd053138_swp30169 103.853 5.427E-01 105.950 2.611E-01
hd053755_swp08851 379.438 1.994E-01 390.531 2.441E-01
hd053755_swp27974 428.160 2.069E-01 372.978 2.863E-01
hd053929_swp18961 66.961 5.302E-01 68.237 1.421E-01
hd053974_swp10580 223.335 1.966E-01 180.072 4.187E-01
hd054309_swp29373 309.496 2.937E-01 216.334 2.076E-01
hd054893_swp53220 69.486 7.056E-01 75.359 2.887E-01
hd055857_swp46933 301.382 2.169E-01 212.361 4.080E-01
hd055879_swp08852 139.204 1.312E-01 91.598 6.207E-01
hd056014_swp38150 266.461 2.456E-01 294.367 2.547E-01
hd056014_swp41294 386.482 2.149E-01 414.665 2.339E-01
hd056139_swp15980 180.245 4.747E-01 128.363 2.150E-01
hd056456_swp34188 431.139 2.116E-01 527.421 6.002E-02
hd058050_swp16536 246.179 3.677E-01 145.010 2.507E-01
hd058343_swp16264 91.883 5.521E-01 91.785 2.077E-01
hd058350_swp07704 98.362 5.850E-01 103.941 2.040E-01
hd058350_swp30198 95.551 5.853E-01 104.401 2.195E-01
hd058661_swp18985 77.298 4.026E-01 60.944 1.004E-01
hd058715_swp31890 361.446 2.133E-01 464.445 5.878E-02
hd058978_swp54238 432.327 1.711E-01 403.210 2.545E-01
hd059635_swp52272 69.561 6.543E-01 83.646 2.155E-01
hd060606_swp29375 350.863 3.110E-01 219.397 1.292E-01
hd060855_swp53906 394.656 2.659E-01 251.985 1.508E-01
hd061429_swp04611 201.302 3.270E-01 163.151 5.835E-02
hd062226_swp39770 76.995 5.248E-01 79.943 1.568E-01
hd063462_swp41304 500.989 1.663E-01 472.042 2.185E-01
hd063578_swp05532 233.178 3.139E-01 124.033 3.640E-01
hd063922_swp40146 92.476 1.940E-01 86.382 7.174E-01
hd064503_swp21950 249.655 3.675E-01 163.057 2.126E-01
hd064740_swp19153 272.846 3.098E-01 176.728 3.054E-01
hd064760_swp53781 338.109 1.631E-01 306.961 3.255E-01
hd064802_swp46848 102.129 5.487E-01 97.560 2.785E-01
hd065575_swp21952 103.512 5.952E-01 99.196 2.477E-01
hd065818_swp54424 495.455 1.566E-01 353.185 2.961E-01
hd065904_swp46849 289.286 3.480E-01 180.053 1.539E-01
hd066194_swp31232 387.929 2.986E-01 237.313 1.830E-01
hd067536_swp53912 395.406 2.463E-01 278.473 1.540E-01
hd067888_swp31233 78.758 6.432E-01 85.887 1.990E-01
hd068217_swp24913 234.446 4.175E-01 146.411 2.262E-01
hd068243_swp32437 205.347 3.520E-01 139.940 4.155E-01
hd068351_swp18969 93.172 3.007E-01 66.556 5.646E-02
hd068520_swp24456 62.476 6.029E-01 83.072 1.368E-01
hd068980_swp36214 292.794 3.082E-01 181.975 2.540E-01
hd069081_swp10159 305.349 2.939E-01 216.765 2.461E-01
hd069082_swp07926 62.593 6.977E-01 72.233 3.411E-01
hd070556_swp51420 75.481 5.898E-01 79.817 3.759E-01
hd070930_swp05531 207.526 3.804E-01 152.507 3.223E-01
hd072067_swp29376 306.774 3.468E-01 167.379 1.899E-01
hd072350_swp44774 286.353 3.334E-01 161.279 1.141E-01
hd074195_swp21415 61.749 7.207E-01 74.907 2.570E-01
hd074196_swp07908 451.093 2.088E-01 270.527 6.045E-02
hd074273_swp53919 275.400 2.756E-01 179.210 3.322E-01
hd074280_swp54052 190.707 4.329E-01 126.288 2.145E-01
hd074371_swp37494 96.349 4.664E-01 101.640 1.728E-01
hd074375_swp53228 98.036 5.206E-01 99.234 3.827E-01
hd074455_swp05558 331.226 2.587E-01 227.041 3.133E-01
hd074455_swp52931 418.723 2.062E-01 329.405 2.661E-01
hd074535_swp48065 86.212 4.682E-01 82.858 1.477E-01
hd074560_swp53219 69.794 6.746E-01 80.382 2.285E-01
hd074575_swp05145 70.780 6.170E-01 70.935 4.334E-01
hd074753_swp05557 368.403 1.379E-01 377.763 2.881E-01
hd075311_swp21953 414.547 2.884E-01 243.095 1.408E-01
hd075759_swp54009 206.141 8.345E-02 171.131 4.458E-01
hd076161_swp14122 405.271 2.400E-01 280.939 6.190E-02
hd076805_swp32421 110.475 5.278E-01 111.377 1.703E-01
hd078764_swp26389 260.321 3.699E-01 173.458 2.633E-01
hd079158_swp32947 100.501 4.094E-01 133.667 9.730E-02
hd079186_swp37499 106.124 5.434E-01 106.939 2.341E-01
hd079447_swp53231 53.364 7.468E-01 67.466 2.697E-01
hd079469_swp21401 351.843 2.057E-01 229.149 6.034E-02
hd079694_swp46931 334.368 2.782E-01 218.421 1.023E-01
hd079931_swp04630 114.498 4.197E-01 108.890 6.847E-02
hd081188_swp02081 87.945 5.927E-01 77.427 2.752E-01
hd083058_swp53221 141.371 4.037E-01 106.290 4.733E-01
hd083754_swp54740 272.373 3.358E-01 160.382 1.265E-01
hd083953_swp56848 432.011 2.468E-01 239.495 1.007E-01
hd085871_swp15201 401.590 2.596E-01 303.431 1.919E-01
hd086360_swp09038 205.901 2.700E-01 149.014 6.749E-02
hd086440_swp06323 72.619 7.026E-01 74.975 1.850E-01
hd086606_swp38784 99.375 4.499E-01 100.657 5.244E-01
hd086612_swp54628 299.946 3.254E-01 165.151 1.453E-01
hd087015_swp21988 343.549 3.249E-01 205.659 1.673E-01
hd087504_swp50698 108.151 3.636E-01 123.943 8.390E-02
hd087543_swp33318 407.985 2.666E-01 228.065 8.463E-02
hd087901_swp08648 445.642 2.253E-01 256.263 4.963E-02
hd087901_swp08649 413.072 2.506E-01 320.521 3.886E-02
hd087901_swp10379 391.303 2.436E-01 521.637 4.748E-02
hd087901_swp54284 434.144 2.166E-01 386.046 6.087E-02
hd088661_swp53905 395.056 2.518E-01 272.872 1.599E-01
hd088825_swp31231 262.616 3.445E-01 156.814 1.231E-01
hd089080_swp32560 394.666 2.535E-01 245.943 7.879E-02
hd089688_swp10472 357.917 2.330E-01 280.315 1.362E-01
hd089688_swp21987 294.561 3.070E-01 199.037 1.601E-01
hd089890_swp33319 119.618 5.496E-01 112.807 1.861E-01
hd090264_swp07362 128.672 3.622E-01 239.349 6.450E-02
hd090994_swp09220 191.593 3.792E-01 139.388 1.269E-01
hd091120_swp30911 421.764 2.125E-01 169.042 5.332E-02
hd091316_swp04553 132.863 4.057E-01 120.486 4.003E-01
hd091316_swp08651 135.799 3.947E-01 121.895 4.267E-01
hd091316_swp11312 137.128 4.042E-01 120.722 4.009E-01
hd091316_swp53059 123.572 4.003E-01 116.614 4.539E-01
hd091465_swp54082 390.387 2.912E-01 226.036 1.161E-01
hd091619_swp06324 96.341 5.620E-01 101.001 1.602E-01
hd092664_swp07905 107.893 4.479E-01 124.553 1.250E-01
hd093030_swp54100 206.236 1.749E-01 148.843 5.407E-01
hd093563_swp33317 401.689 2.484E-01 297.760 5.606E-02
hd093845_swp53883 86.993 5.936E-01 91.113 2.629E-01
hd096919_swp48010 90.424 4.405E-01 125.740 1.028E-01
hd098718_swp20793 449.979 2.562E-01 370.505 8.827E-02
hd100600_swp09209 286.566 3.497E-01 173.184 1.276E-01
hd100673_swp36404 370.771 2.448E-01 230.040 8.999E-02
hd100889_swp46757 407.252 2.142E-01 215.986 6.869E-02
hd101431_swp54190 343.629 2.298E-01 185.843 8.322E-02
hd102232_swp04628 79.966 6.327E-01 76.324 1.294E-01
hd103192_swp54240 359.545 1.944E-01 217.397 6.499E-02
hd104174_swp54669 453.641 2.056E-01 238.779 6.200E-02
hd104337_swp36492 183.547 3.786E-01 143.367 2.975E-01
hd105382_swp36403 122.630 5.227E-01 93.027 2.021E-01
hd105937_swp44211 198.082 4.237E-01 130.135 2.034E-01
hd106231_swp05658 225.549 3.898E-01 177.856 1.114E-01
hd106343_swp06320 133.929 4.043E-01 130.502 3.337E-01
hd106490_swp21954 280.212 3.035E-01 179.234 3.131E-01
hd106625_swp19063 74.403 5.160E-01 61.522 8.130E-02
hd106911_swp21957 379.849 3.002E-01 243.286 7.777E-02
hd106983_swp46634 121.363 4.952E-01 120.992 2.634E-01
hd107348_swp53833 387.419 2.541E-01 291.651 7.935E-02
hd108248_swp33950 196.698 2.487E-01 148.619 4.972E-01
hd108248_swp44493 239.303 2.506E-01 158.540 5.048E-01
hd108257_swp19345 436.701 2.117E-01 188.950 8.681E-02
hd108483_swp20792 320.709 3.381E-01 194.433 2.114E-01
hd109026_swp51268 297.915 3.337E-01 196.058 1.454E-01
hd109387_swp15056 338.859 3.040E-01 199.257 9.618E-02
hd109387_swp39973 331.496 2.913E-01 183.114 8.684E-02
hd109668_swp20873 207.279 3.812E-01 132.089 3.013E-01
hd109857_swp36405 535.790 1.775E-01 296.786 7.038E-02
hd109867_swp44494 146.265 3.501E-01 128.309 4.344E-01
hd110335_swp44487 386.614 2.645E-01 244.487 8.674E-02
hd110432_swp40695 411.208 1.455E-01 363.705 2.978E-01
hd110879_swp45089 252.879 3.577E-01 159.173 2.226E-01
hd111123_swp14931 91.903 4.030E-01 88.241 6.681E-01
hd111226_swp20277 137.653 3.790E-01 122.556 9.536E-02
hd111904_swp46883 83.302 4.956E-01 118.504 1.201E-01
hd111973_swp46847 117.069 5.119E-01 122.953 2.510E-01
hd112078_swp21965 509.042 2.298E-01 538.933 6.529E-02
hd112091_swp40675 347.909 2.889E-01 214.498 9.793E-02
hd112092_swp21955 74.837 6.728E-01 91.310 3.271E-01
hd113120_swp30910 505.864 1.890E-01 455.217 1.841E-01
hd113797_swp22295 372.351 2.068E-01 224.317 6.173E-02
hd113904_swp39551 229.132 8.584E-02 185.287 3.943E-01
hd116072_swp20362 384.823 2.369E-01 205.549 1.293E-01
hd116084_swp44795 123.956 4.602E-01 127.809 2.932E-01
hd116087_swp20791 347.437 3.183E-01 221.344 1.223E-01
hd118991_swp30072 518.228 2.230E-01 558.929 6.253E-02
hd119159_swp10807 231.825 2.848E-01 183.187 4.449E-01
hd120307_swp36482 108.798 4.903E-01 104.028 4.271E-01
hd120315_swp10894 250.534 3.466E-01 205.027 1.394E-01
hd120315_swp55240 235.472 3.261E-01 161.828 1.590E-01
hd120324_swp51095 282.675 3.343E-01 161.519 2.580E-01
hd120991_swp27498 112.650 4.939E-01 109.261 3.959E-01
hd121263_swp54855 349.843 2.556E-01 210.657 2.635E-01
hd121743_swp21956 119.710 5.057E-01 112.541 3.381E-01
hd121790_swp45209 231.578 3.472E-01 157.951 2.561E-01
hd122879_swp40897 185.000 1.342E-01 148.244 5.071E-01
hd125238_swp20891 360.136 2.932E-01 209.134 1.337E-01
hd125288_swp06321 78.611 6.704E-01 81.309 1.538E-01
hd127381_swp48225 111.014 4.798E-01 99.023 4.246E-01
hd127971_swp50485 273.015 3.061E-01 225.517 1.069E-01
hd127972_swp41260 440.134 2.153E-01 304.187 1.401E-01
hd128345_swp20786 309.393 3.224E-01 168.599 1.142E-01
hd129116_swp45090 268.744 3.659E-01 163.019 1.938E-01
hd132058_swp17458 170.957 4.051E-01 130.426 3.129E-01
hd132200_swp17459 68.510 6.782E-01 75.866 3.524E-01
hd132742_swp45452 146.015 2.907E-01 243.133 5.728E-02
hd133029_swp06102 70.368 3.047E-01 41.345 6.228E-02
hd133242_swp20364 304.779 3.092E-01 184.346 9.295E-02
hd134481_swp36776 377.755 2.032E-01 153.424 7.572E-02
hd135160_swp16726 362.792 1.484E-01 220.079 4.167E-01
hd135348_swp07685 174.674 4.027E-01 137.809 1.564E-01
hd136298_swp16778 319.556 2.860E-01 246.512 2.312E-01
hd136504_swp33285 178.969 4.032E-01 130.336 2.561E-01
hd136664_swp20789 311.506 3.010E-01 156.010 1.224E-01
hd137387_swp41240 395.748 2.470E-01 262.990 1.758E-01
hd137432_swp07689 119.987 5.173E-01 118.824 1.590E-01
hd138485_swp20597 371.881 2.854E-01 222.745 1.375E-01
hd138690_swp20890 434.454 2.880E-01 251.107 1.738E-01
hd138749_swp13588 446.281 2.534E-01 365.349 6.721E-02
hd138749_swp17096 488.352 2.536E-01 475.622 5.418E-02
hd138749_swp50410 464.750 2.332E-01 294.787 8.183E-02
hd138769_swp50593 127.063 4.879E-01 115.253 2.384E-01
hd139365_swp40902 344.129 3.006E-01 198.268 1.868E-01
hd139892_swp20197 550.974 1.976E-02 68.202 -3.344E-02
hd140008_swp22093 220.847 3.088E-01 165.966 1.045E-01
hd140436_swp50595 395.960 1.830E-01 237.000 5.371E-02
hd141318_swp39022 87.405 5.724E-01 92.400 3.977E-01
hd141556_swp48509 68.458 3.696E-01 128.135 6.010E-02
hd141637_swp22092 416.104 2.694E-01 260.322 1.711E-01
hd142184_swp34217 457.068 2.461E-01 255.851 9.234E-02
hd142301_swp07899 149.667 4.148E-01 154.537 1.282E-01
hd142301_swp51414 156.400 3.879E-01 122.667 1.311E-01
hd142514_swp23434 151.594 3.854E-01 181.174 1.065E-01
hd142669_swp55200 181.232 3.160E-01 124.350 2.378E-01
hd142926_swp44981 445.196 2.466E-01 513.240 5.908E-02
hd142983_swp08810 128.416 3.362E-01 246.425 5.911E-02
hd142983_swp54091 94.544 3.023E-01 285.032 3.548E-02
hd142990_swp51412 206.478 3.908E-01 144.782 1.542E-01
hd143018_swp54422 414.716 2.105E-01 162.021 3.963E-01
hd143118_swp42117 344.648 2.836E-01 229.870 2.155E-01
hd143275_swp17395 315.569 2.020E-01 189.812 4.769E-01
hd143699_swp51385 177.134 3.989E-01 141.032 1.375E-01
hd144217_swp06233 313.067 1.737E-01 143.599 5.037E-01
hd144294_swp20787 445.993 2.491E-01 283.839 1.031E-01
hd144294_swp22090 433.090 2.735E-01 254.094 1.147E-01
hd144334_swp09224 117.982 4.274E-01 106.158 1.316E-01
hd144334_swp51411 112.630 4.418E-01 93.966 1.354E-01
hd144470_swp13906 210.050 3.249E-01 150.860 4.504E-01
hd144661_swp13953 89.454 4.841E-01 92.530 1.240E-01
hd144844_swp51322 65.585 4.483E-01 115.760 1.196E-01
hd145482_swp19351 323.609 3.111E-01 222.554 1.931E-01
hd145483_swp16306 387.367 2.279E-01 239.581 5.481E-02
hd145502_swp29140 246.096 3.500E-01 164.751 3.223E-01
hd145842_swp50530 231.611 3.034E-01 174.373 8.640E-02
hd146001_swp51399 219.361 3.040E-01 102.154 9.838E-02
hd147152_swp19346 198.510 3.513E-01 156.039 1.063E-01
hd147165_swp39508 112.867 3.890E-01 102.846 5.837E-01
hd147628_swp50531 265.473 2.974E-01 182.327 8.949E-02
hd148112_swp02726 122.598 2.128E-01 133.274 1.616E-02
hd148184_swp15059 250.298 3.112E-01 157.887 3.501E-01
hd148184_swp54090 226.686 2.832E-01 163.553 3.520E-01
hd148199_swp04561 68.876 2.991E-01 351.302 4.189E-02
hd148379_swp04349 119.356 4.575E-01 121.431 2.331E-01
hd148605_swp39506 315.794 2.933E-01 203.905 1.889E-01
hd148688_swp01871 156.578 3.545E-01 154.489 2.921E-01
hd148703_swp39707 107.102 4.757E-01 98.590 4.100E-01
hd149038_swp36166 158.328 1.084E-01 148.826 5.000E-01
hd149121_swp19757 58.978 3.562E-01 225.445 5.688E-02
hd149438_swp09809 67.710 2.850E-01 61.918 7.628E-01
hd149438_swp39686 61.619 2.758E-01 62.195 8.096E-01
hd149485_swp22216 444.907 2.410E-01 494.135 4.545E-02
hd149630_swp29408 498.485 1.833E-01 175.840 5.823E-02
hd149757_swp15137 566.841 9.103E-02 524.912 2.635E-01
hd149822_swp18973 174.925 1.361E-01 283.349 2.180E-02
hd150168_swp47256 221.170 2.498E-01 178.536 4.405E-01
hd150745_swp22218 222.813 4.158E-01 154.322 2.163E-01
hd150898_swp50552 150.930 1.550E-01 156.912 4.769E-01
hd151890_swp39367 398.443 2.569E-01 286.283 2.148E-01
hd152234_swp16206 151.738 2.000E-01 148.534 4.961E-01
hd152235_swp33294 148.742 3.177E-01 131.702 4.268E-01
hd152236_swp54152 173.897 2.959E-01 174.071 2.005E-01
hd152478_swp36197 504.849 2.404E-01 343.259 1.270E-01
hd152614_swp06987 206.415 3.086E-01 162.082 8.033E-02
hd153261_swp31221 419.067 2.417E-01 284.721 2.301E-01
hd153613_swp51847 268.607 2.975E-01 204.683 9.350E-02
hd154090_swp14828 155.453 3.454E-01 135.245 3.854E-01
hd155763_swp04577 80.109 5.932E-01 76.672 1.167E-01
hd156247_swp14864 154.474 2.788E-01 178.233 8.747E-02
hd156633_swp20596 263.624 3.553E-01 159.626 2.560E-01
hd157038_swp30759 120.882 3.854E-01 139.801 1.581E-01
hd157042_swp29404 455.039 2.583E-01 313.671 1.379E-01
hd157056_swp04430 63.297 6.865E-01 71.756 4.476E-01
hd157246_swp54241 369.022 1.982E-01 344.080 2.702E-01
hd157741_swp17999 449.346 2.024E-01 556.832 5.247E-02
hd158408_swp31685 108.830 4.959E-01 95.840 3.687E-01
hd158427_swp50432 417.826 2.507E-01 255.016 1.313E-01
hd158643_swp54144 466.109 1.794E-01 283.067 7.340E-02
hd158926_swp20627 279.177 3.235E-01 176.642 3.246E-01
hd159975_swp02724 207.942 3.424E-01 175.011 7.903E-02
hd160578_swp04348 218.332 3.887E-01 149.015 3.211E-01
hd160762_swp05720 49.640 9.669E-01 62.069 2.539E-01
hd162374_swp14091 93.333 5.923E-01 97.189 1.747E-01
hd162732_swp44980 125.867 2.911E-01 386.465 4.236E-02
hd163955_swp48332 391.089 1.702E-01 203.236 6.605E-02
hd164284_swp15482 416.078 2.578E-01 276.406 1.404E-01
hd164284_swp55946 455.693 2.164E-01 412.071 1.800E-01
hd164353_swp04267 85.635 6.431E-01 97.850 2.267E-01
hd164402_swp54242 183.580 1.629E-01 138.106 5.440E-01
hd164637_swp42280 106.107 2.077E-01 104.688 6.354E-01
hd164852_swp29534 311.196 2.910E-01 173.844 1.394E-01
hd165024_swp06020 177.957 3.853E-01 144.948 3.533E-01
hd165174_swp05228 336.761 8.649E-02 424.219 2.613E-01
hd165516_swp48276 126.892 3.543E-01 115.103 5.354E-01
hd165793_swp50429 104.250 4.229E-01 103.620 4.879E-01
hd166014_swp20852 463.739 1.598E-01 169.615 5.863E-02
hd166182_swp41861 80.344 6.134E-01 91.588 3.603E-01
hd166469_swp48396 75.461 2.935E-01 412.782 5.207E-02
hd166596_swp18143 325.911 3.341E-01 231.119 1.541E-01
hd166937_swp07080 102.261 4.979E-01 207.649 1.412E-01
hd166937_swp26610 95.030 4.817E-01 100.401 1.447E-01
hd167128_swp31220 139.527 5.045E-01 117.806 2.439E-01
hd167264_swp24190 197.684 1.489E-01 138.430 5.224E-01
hd167756_swp30452 149.249 1.834E-01 132.636 5.430E-01
hd168905_swp57019 403.295 2.508E-01 264.720 1.181E-01
hd169022_swp44754 379.452 1.961E-01 412.629 5.209E-02
hd169033_swp19929 335.255 1.993E-01 197.034 4.644E-02
hd169467_swp39861 66.522 7.156E-01 74.116 2.503E-01
hd170235_swp36202 309.568 3.114E-01 196.831 2.637E-01
hd170740_swp18314 81.222 6.035E-01 81.819 3.543E-01
hd171406_swp54738 408.697 2.750E-01 233.324 1.186E-01
hd171961_swp45848 115.283 3.925E-01 128.565 1.183E-01
hd172044_swp03013 75.211 3.727E-01 56.125 7.934E-02
hd172167_swp42521 62.271 3.175E-01 68.527 6.594E-02
hd172167_swp45285 65.125 3.296E-01 63.234 7.647E-02
hd173300_swp34012 78.432 4.800E-01 100.971 1.186E-01
hd173948_swp33589 273.721 3.275E-01 193.303 2.935E-01
hd174237_swp14703 262.879 3.677E-01 178.431 1.831E-01
hd174237_swp51040 301.684 3.349E-01 197.795 1.653E-01
hd174632_swp44787 145.065 3.686E-01 194.635 8.801E-02
hd174638_swp35836 135.848 2.970E-01 241.843 -6.606E-02
hd175156_swp04479 59.645 7.582E-01 76.377 1.742E-01
hd175156_swp23985 59.353 5.496E-01 60.767 1.402E-01
hd175640_swp13510 58.832 4.061E-01 72.417 7.860E-02
hd176162_swp21008 64.432 6.401E-01 74.752 2.093E-01
hd176437_swp24358 126.329 3.072E-01 278.593 5.898E-02
hd177003_swp54674 58.169 7.365E-01 81.542 2.646E-01
hd177756_swp18018 377.992 2.471E-01 204.363 7.060E-02
hd177863_swp48407 139.623 4.219E-01 128.316 1.373E-01
hd178125_swp14866 110.250 4.839E-01 135.205 1.198E-01
hd178175_swp15058 263.726 3.765E-01 137.130 2.835E-01
hd178175_swp19928 245.655 3.452E-01 154.714 2.500E-01
hd178475_swp20851 373.120 3.027E-01 195.649 9.514E-02
hd179406_swp13865 297.761 3.382E-01 179.293 1.143E-01
hd179406_swp36940 349.935 3.357E-01 194.438 1.499E-01
hd179761_swp20176 67.844 5.585E-01 115.044 1.100E-01
hd180163_swp50600 68.760 6.968E-01 88.237 2.352E-01
hd180554_swp55228 167.238 4.434E-01 152.379 1.647E-01
hd180968_swp15214 415.437 2.437E-01 339.113 2.338E-01
hd180968_swp45641 401.499 2.391E-01 303.637 2.475E-01
hd181182_swp51044 275.452 2.781E-01 209.952 9.832E-02
hd181558_swp47819 64.165 6.380E-01 97.877 1.594E-01
hd181615_swp26881 347.809 2.350E-01 362.544 1.312E-01
hd181858_swp06037 64.447 7.795E-01 67.400 2.043E-01
hd181869_swp44759 132.725 3.881E-01 200.017 7.996E-02
hd182180_swp39596 441.815 2.191E-01 371.229 7.060E-02
hd182308_swp13512 63.514 4.413E-01 68.439 9.242E-02
hd183056_swp14982 250.601 2.852E-01 326.139 4.847E-02
hd183362_swp31218 409.283 2.843E-01 320.592 1.248E-01
hd184171_swp48876 67.015 6.796E-01 81.682 2.379E-01
hd184279_swp06034 136.636 3.225E-01 204.815 2.198E-01
hd184606_swp04559 354.595 3.037E-01 288.248 6.882E-02
hd185037_swp26897 417.100 1.972E-01 330.139 6.120E-02
hd185330_swp18992 56.470 6.573E-01 83.094 1.785E-01
hd185859_swp14207 125.858 2.456E-01 120.301 5.533E-01
hd185915_swp14208 129.261 4.590E-01 137.410 1.162E-01
hd186500_swp50991 242.621 3.165E-01 203.478 1.015E-01
hd186882_swp09597 390.555 2.118E-01 375.743 1.869E-02
hd186882_swp14844 368.217 2.299E-01 327.804 4.326E-02
hd186994_swp05654 251.311 1.569E-01 203.437 4.178E-01
hd187235_swp26896 469.710 2.397E-01 478.245 5.287E-02
hd187567_swp36401 336.408 2.933E-01 197.663 1.793E-01
hd187811_swp21488 396.034 3.112E-01 224.236 1.249E-01
hd187879_swp06605 175.900 4.065E-01 145.117 2.904E-01
hd187879_swp38552 203.000 3.798E-01 155.884 3.023E-01
hd188439_swp10852 404.679 2.454E-01 407.276 2.240E-01
hd188665_swp08919 215.506 4.128E-01 168.857 1.354E-01
hd188892_swp20974 80.930 6.348E-01 100.369 1.583E-01
hd189103_swp52095 63.653 7.026E-01 77.888 2.793E-01
hd189395_swp04966 323.049 2.185E-01 252.271 5.894E-02
hd189687_swp19936 377.834 2.516E-01 219.833 1.372E-01
hd190229_swp04962 60.792 4.735E-01 75.360 9.969E-02
hd190603_swp14942 139.963 3.565E-01 127.152 2.246E-01
hd190993_swp09960 235.630 4.156E-01 153.762 1.672E-01
hd191456_swp06136 107.923 4.086E-01 98.695 5.726E-01
hd191610_swp08600 440.404 2.804E-01 333.460 1.292E-01
hd191610_swp37154 406.534 2.773E-01 246.521 1.389E-01
hd191877_swp14825 257.076 3.107E-01 214.890 3.077E-01
hd192907_swp05719 64.552 4.488E-01 76.433 6.459E-02
hd193237_swp43339 138.923 3.080E-01 150.052 2.072E-01
hd193911_swp29406 307.541 3.287E-01 168.425 1.044E-01
hd194092_swp16213 61.673 3.573E-01 63.592 7.292E-01
hd194335_swp52946 498.264 2.208E-01 324.423 1.604E-01
hd194636_swp47832 81.259 5.440E-01 135.218 1.242E-01
hd195810_swp52067 97.417 4.978E-01 145.567 1.367E-01
hd196426_swp19759 62.346 5.573E-01 87.710 1.010E-01
hd196519_swp48309 368.759 2.160E-01 253.033 7.273E-02
hd196740_swp18017 402.087 2.393E-01 362.857 6.561E-02
hd196867_swp24451 309.779 2.663E-01 251.880 7.806E-02
hd197018_swp14051 89.725 5.103E-01 100.381 1.425E-01
hd197511_swp10844 79.709 7.256E-01 76.210 2.552E-01
hd197702_swp11290 445.438 2.466E-01 368.362 1.834E-01
hd197770_swp49267 132.718 4.460E-01 117.372 2.963E-01
hd198174_swp51082 98.904 3.581E-01 186.742 7.591E-02
hd198183_swp14209 225.597 3.942E-01 169.720 1.230E-01
hd198183_swp25780 213.161 3.697E-01 163.286 1.428E-01
hd198478_swp13907 112.132 5.037E-01 121.600 2.498E-01
hd198478_swp38688 105.457 5.024E-01 112.250 2.432E-01
hd198625_swp36195 379.111 2.862E-01 205.521 1.117E-01
hd198667_swp14045 74.190 4.356E-01 180.830 6.551E-02
hd198820_swp08331 68.814 7.288E-01 80.590 2.102E-01
hd198820_swp19872 80.968 6.801E-01 99.292 2.045E-01
hd199081_swp10841 264.480 2.958E-01 191.568 7.553E-02
hd199140_swp05600 91.559 4.864E-01 93.261 4.909E-01
hd199140_swp52885 71.109 6.138E-01 76.352 4.566E-01
hd199218_swp30071 463.675 2.154E-01 410.476 7.364E-02
hd199478_swp15552 96.221 5.144E-01 102.292 1.555E-01
hd199661_swp10845 229.507 4.195E-01 166.491 1.310E-01
hd199955_swp10862 274.624 3.236E-01 212.625 6.523E-02
hd200120_swp17094 536.791 1.802E-01 449.543 1.983E-01
hd200120_swp52944 539.393 1.722E-01 434.277 1.859E-01
hd200310_swp10853 448.396 2.427E-01 383.395 1.440E-01
hd201345_swp15004 196.784 1.102E-01 148.230 5.245E-01
hd201908_swp45273 179.741 2.838E-01 156.390 6.894E-02
hd202214_swp21011 72.024 3.085E-01 80.168 7.278E-01
hd202654_swp22646 255.549 3.339E-01 165.156 1.612E-01
hd202753_swp52920 78.741 5.713E-01 78.416 1.615E-01
hd202904_swp08601 324.423 3.375E-01 191.915 1.606E-01
hd203245_swp22755 134.073 4.670E-01 158.360 1.258E-01
hd203467_swp42020 287.785 3.489E-01 179.185 1.537E-01
hd203532_swp16399 117.147 5.283E-01 107.336 1.657E-01
hd203664_swp07355 333.199 1.996E-01 272.931 3.298E-01
hd204172_swp06481 155.794 1.917E-01 141.872 4.917E-01
hd204172_swp48946 180.124 1.654E-01 142.514 5.188E-01
hd204770_swp08922 379.386 2.700E-01 208.564 8.903E-02
hd205021_swp04609 76.511 4.836E-01 74.089 6.392E-01
hd205021_swp06235 75.178 5.034E-01 79.689 6.001E-01
hd205021_swp52941 71.633 4.684E-01 78.463 6.509E-01
hd205139_swp46540 104.288 3.774E-01 107.280 5.704E-01
hd205637_swp34400 323.603 3.187E-01 234.342 1.644E-01
hd206165_swp06336 125.542 4.716E-01 122.727 2.703E-01
hd206540_swp14023 66.405 5.740E-01 99.837 1.233E-01
hd206672_swp24332 151.247 5.165E-01 122.167 2.272E-01
hd207330_swp09210 94.714 6.109E-01 110.527 2.497E-01
hd207971_swp44768 104.708 4.357E-01 176.453 9.912E-02
hd208057_swp05909 183.738 4.758E-01 150.248 1.444E-01
hd208057_swp33664 171.881 4.436E-01 137.717 1.706E-01
hd208501_swp04217 82.221 3.478E-01 84.947 9.122E-02
hd208682_swp52942 429.966 2.712E-01 295.080 1.805E-01
hd209008_swp20593 62.363 7.130E-01 79.336 1.985E-01
hd209014_swp31219 444.892 2.097E-01 393.393 6.002E-02
hd209409_swp05912 350.348 2.820E-01 300.068 5.493E-02
hd209409_swp39200 398.453 2.647E-01 313.908 8.135E-02
hd209419_swp08921 68.541 6.383E-01 81.499 1.487E-01
hd209459_swp21398 58.400 4.339E-01 77.815 8.141E-02
hd209522_swp52358 434.879 2.188E-01 363.753 1.399E-01
hd209952_swp48408 374.286 2.404E-01 242.198 7.322E-02
hd210129_swp44770 267.960 2.974E-01 184.607 1.052E-01
hd210191_swp23304 64.444 6.873E-01 79.125 2.795E-01
hd210424_swp09041 60.443 6.050E-01 77.004 1.194E-01
hd211924_swp15217 92.637 6.021E-01 94.138 1.740E-01
hd212120_swp26322 132.949 4.614E-01 143.847 1.237E-01
hd212454_swp14974 88.331 4.906E-01 99.832 1.193E-01
hd212571_swp07009 457.379 2.183E-01 355.280 2.207E-01
hd212571_swp54752 473.879 1.956E-01 366.253 2.399E-01
hd212581_swp26185 411.010 1.912E-01 279.341 6.086E-02
hd212978_swp06237 213.225 3.724E-01 163.811 2.544E-01
hd213420_swp20267 120.711 4.758E-01 124.267 2.973E-01
hd214168_swp49149 477.920 2.014E-01 383.045 1.815E-01
hd214240_swp44796 113.480 5.666E-01 125.413 1.883E-01
hd214923_swp42071 350.954 2.261E-01 239.957 8.062E-02
hd214993_swp05407 121.063 4.863E-01 117.484 4.117E-01
hd215573_swp29817 60.262 6.372E-01 81.093 1.505E-01
hd216200_swp09205 317.150 2.824E-01 187.125 1.075E-01
hd216494_swp55266 172.968 2.763E-01 191.039 8.908E-02
hd217101_swp18309 227.385 3.563E-01 146.756 2.643E-01
hd217543_swp33666 451.865 2.655E-01 243.486 1.197E-01
hd217675_swp52943 346.301 3.258E-01 163.165 1.150E-01
hd217833_swp14972 72.705 5.204E-01 80.920 1.556E-01
hd217891_swp15512 162.016 4.767E-01 102.531 1.006E-01
hd218045_swp41819 442.982 1.572E-01 214.231 6.749E-02
hd218376_swp05363 96.267 4.448E-01 96.594 5.701E-01
hd219188_swp07711 407.171 1.013E-01 369.199 1.486E-01
hd219688_swp10385 370.603 2.666E-01 274.528 4.412E-02
hd219749_swp06095 146.330 2.621E-01 395.316 3.600E-02
hd220885_swp14970 130.959 2.059E-01 159.976 2.412E-02
hd221253_swp51974 272.804 3.475E-01 181.148 1.791E-01
hd221507_swp18991 77.587 3.570E-01 87.761 8.051E-02
hd222173_swp10376 119.350 4.619E-01 123.041 7.407E-02
hd222439_swp52658 366.157 2.264E-01 223.733 9.272E-02
hd222661_swp24450 422.253 2.029E-01 458.648 3.980E-02
hd223640_swp05723 83.740 4.022E-01 79.957 7.639E-02
hd223987_swp13763 149.552 2.886E-01 153.855 2.751E-01
hd224112_swp05718 80.790 2.743E-01 80.234 -5.710E-02
hd224113_swp05738 132.283 4.488E-01 136.098 1.005E-01
hd224151_swp26321 154.066 2.207E-01 150.442 4.321E-01
hd224572_swp20971 285.838 3.068E-01 195.189 3.076E-01
hd224686_swp22848 437.795 2.442E-01 341.500 6.336E-02
hd225094_swp09415 148.592 4.432E-01 163.754 2.193E-01
hd225094_swp18688 113.524 5.075E-01 122.348 3.039E-01
hd225253_swp04413 65.826 4.741E-01 62.516 1.011E-01
hd269128_swp07138 254.365 2.302E-01 182.378 1.124E-01
