hd000144_swp15936 165.994 4.778E-01 158.877 5.026E-01
hd000144_swp29402 174.462 5.040E-01 170.835 5.088E-01
hd000315_swp51670 116.390 3.405E-01 141.526 4.348E-01
hd000358_swp14954 96.763 3.611E-01 101.698 4.935E-01
hd000358_swp40448 88.043 3.640E-01 89.145 4.411E-01
hd000886_swp05260 107.044 1.243E-01 104.009 3.117E-01
hd000886_swp52777 100.721 1.421E-01 99.838 3.273E-01
hd000886_swp52783 104.302 1.433E-01 102.416 3.108E-01
hd001279_swp06756 74.247 5.291E-01 72.998 6.685E-01
hd001909_swp23106 70.304 4.757E-01 68.775 5.317E-01
hd001976_swp06250 194.322 2.601E-01 201.707 3.870E-01
hd002626_swp46894 370.896 2.210E-01 369.349 2.683E-01
hd002884_swp53043 207.824 5.439E-01 230.223 4.223E-01
hd002905_swp14939 654.247 3.930E-02 123.072 1.151E-01
hd002905_swp40359 602.456 5.575E-02 130.302 1.224E-01
hd002905_swp54038 725.693 3.940E-02 119.056 1.095E-01
hd003240_swp53240 109.196 5.776E-01 113.694 6.218E-01
hd003360_swp10057 106.484 1.471E-01 103.827 3.299E-01
hd003360_swp53874 101.302 1.567E-01 110.534 3.245E-01
hd003369_swp09141 105.976 3.676E-01 121.246 4.823E-01
hd003379_swp20584 111.028 2.191E-01 128.230 3.872E-01
hd003901_swp52659 220.778 2.144E-01 227.172 3.155E-01
hd004142_swp14612 234.380 1.980E-01 266.404 3.141E-01
hd004180_swp20436 273.005 2.115E-01 298.533 2.978E-01
hd004727_swp51960 76.736 3.730E-01 79.273 5.356E-01
hd005394_swp17093 695.548 7.353E-02 525.402 9.703E-02
hd005394_swp53910 626.426 5.888E-02 355.197 1.008E-01
hd005394_swp56621 564.117 5.346E-02 317.009 8.954E-02
hd005737_swp14984 71.723 4.722E-01 77.466 6.587E-01
hd005737_swp32137 75.740 5.005E-01 78.264 6.306E-01
hd006811_swp20437 116.214 4.785E-01 131.767 5.350E-01
hd007374_swp18972 71.544 4.669E-01 76.891 5.729E-01
hd009996_swp18437 56.316 2.185E-01 77.894 2.486E-01
hd010390_swp18023 104.894 6.955E-01 100.699 6.597E-01
hd010516_swp14690 411.689 6.243E-02 466.988 1.127E-01
hd010516_swp18104 543.561 5.006E-02 420.504 1.210E-01
hd010982_swp06814 90.592 6.745E-01 88.154 6.595E-01
hd011241_swp49469 221.251 8.155E-02 296.036 1.902E-01
hd011415_swp32615 91.095 4.277E-01 102.308 5.670E-01
hd012301_swp04265 81.700 5.001E-01 86.010 6.037E-01
hd012767_swp51130 83.681 4.371E-01 93.297 5.451E-01
hd013267_swp51892 96.323 3.149E-01 94.950 3.935E-01
hd013294_swp40511 206.666 4.023E-01 209.055 3.295E-01
hd013709_swp55256 328.456 4.054E-01 355.674 3.348E-01
hd014228_swp51597 316.798 2.861E-01 348.305 3.377E-01
hd014818_swp09416 129.686 9.062E-02 102.824 2.085E-01
hd014951_swp05605 194.712 3.092E-01 200.318 4.373E-01
hd015130_swp18007 285.605 4.354E-01 309.653 3.753E-01
hd015318_swp48525 103.902 7.287E-01 101.001 6.249E-01
hd015371_swp21046 70.756 6.056E-01 73.200 7.198E-01
hd016582_swp04492 94.440 1.032E-01 115.752 3.114E-01
hd016978_swp24455 143.678 6.396E-01 147.946 5.738E-01
hd017036_swp46700 259.900 3.653E-01 300.978 3.750E-01
hd017081_swp16256 71.169 5.829E-01 72.181 8.643E-01
hd017081_swp32303 71.518 5.792E-01 73.013 7.541E-01
hd017081_swp32304 71.243 5.782E-01 73.541 7.543E-01
hd017543_swp42210 104.076 4.549E-01 117.300 5.735E-01
hd017573_swp40510 251.371 3.839E-01 294.961 3.854E-01
hd017769_swp18008 219.411 3.706E-01 214.337 4.420E-01
hd018296_swp03154 70.450 4.258E-01 81.057 5.284E-01
hd018537_swp48527 136.789 3.673E-01 142.516 4.430E-01
hd018552_swp55906 555.317 3.325E-02 465.923 9.154E-02
hd019356_swp37021 99.785 5.968E-01 103.269 6.583E-01
hd019374_swp20594 159.440 1.284E-01 118.227 2.882E-01
hd019400_swp04415 73.664 4.458E-01 75.890 6.294E-01
hd019832_swp39685 243.526 1.888E-01 283.093 2.806E-01
hd020315_swp18024 325.219 2.685E-01 344.943 3.127E-01
hd020319_swp07840 185.875 4.157E-01 207.099 4.754E-01
hd020336_swp29401 388.217 1.071E-01 399.525 1.857E-01
hd020809_swp49124 287.676 2.474E-01 268.632 3.408E-01
hd021291_swp10612 84.569 5.997E-01 86.044 6.327E-01
hd021362_swp18027 378.763 1.978E-01 354.291 2.398E-01
hd021428_swp49532 181.176 2.383E-01 219.461 3.610E-01
hd021551_swp26895 405.859 2.858E-01 431.376 2.954E-01
hd021699_swp04377 90.780 3.676E-01 94.622 5.703E-01
hd021699_swp32136 80.728 3.696E-01 85.993 5.251E-01
hd021790_swp24553 125.385 5.862E-01 133.851 5.682E-01
hd022192_swp04558 265.764 2.335E-01 332.741 2.955E-01
hd022192_swp42673 265.813 1.999E-01 306.561 2.466E-01
hd022316_swp49775 72.631 4.550E-01 68.618 5.186E-01
hd022316_swp49777 69.474 4.260E-01 68.864 5.130E-01
hd022470_swp04542 101.325 3.890E-01 113.056 5.360E-01
hd022780_swp29392 375.070 2.364E-01 404.267 2.971E-01
hd022920_swp14506 81.276 4.248E-01 90.632 5.792E-01
hd022928_swp47041 282.662 2.466E-01 283.964 3.269E-01
hd022951_swp06248 323.126 7.209E-02 172.151 1.880E-01
hd022951_swp08023 481.296 7.350E-02 237.125 1.849E-01
hd023016_swp40509 352.501 2.843E-01 378.656 3.232E-01
hd023180_swp50031 432.625 6.605E-02 374.901 1.548E-01
hd023227_swp40256 314.948 2.181E-01 290.085 3.295E-01
hd023302_swp07920 212.834 3.224E-01 225.488 4.114E-01
hd023302_swp27514 232.622 3.330E-01 249.875 4.095E-01
hd023324_swp07923 258.057 3.203E-01 298.914 3.654E-01
hd023338_swp40508 146.988 4.367E-01 164.415 5.065E-01
hd023383_swp19342 357.517 2.387E-01 442.553 2.602E-01
hd023408_swp05985 81.928 5.627E-01 80.334 6.859E-01
hd023466_swp20582 161.903 2.803E-01 183.670 4.183E-01
hd023480_swp05944 324.978 2.698E-01 315.101 3.487E-01
hd023480_swp27666 321.408 2.471E-01 369.363 3.150E-01
hd023552_swp10046 281.697 2.635E-01 306.266 3.289E-01
hd023630_swp08021 194.870 3.344E-01 222.002 4.037E-01
hd023793_swp20583 90.023 3.877E-01 106.960 5.448E-01
hd023850_swp05977 245.441 3.334E-01 262.625 3.935E-01
hd023862_swp53233 345.556 2.769E-01 396.470 3.108E-01
hd023862_swp54080 349.724 2.637E-01 377.937 3.220E-01
hd024072_swp40455 265.849 4.254E-01 341.321 3.470E-01
hd024072_swp48345 115.134 3.202E-01 92.462 2.545E-01
hd024131_swp20845 521.022 6.007E-02 200.486 1.901E-01
hd024388_swp40456 180.969 4.237E-01 185.619 4.898E-01
hd024398_swp06454 589.517 5.473E-02 135.304 2.304E-01
hd024479_swp20434 121.835 5.836E-01 125.999 5.603E-01
hd024504_swp18025 293.193 2.760E-01 299.478 3.348E-01
hd024534_swp02082 511.521 7.173E-02 408.228 7.760E-02
hd024534_swp10789 529.074 7.123E-02 461.715 9.865E-02
hd024626_swp04788 88.206 5.007E-01 97.174 6.802E-01
hd024640_swp53315 230.999 9.294E-02 225.524 2.142E-01
hd024760_swp06711 573.455 6.987E-02 267.061 1.700E-01
hd024760_swp56579 576.649 6.362E-02 249.213 1.707E-01
hd025204_swp03297 144.110 1.988E-01 171.128 3.825E-01
hd025267_swp07540 78.792 4.548E-01 84.908 5.647E-01
hd025340_swp18020 126.442 3.945E-01 138.350 5.036E-01
hd025558_swp20595 101.186 3.697E-01 113.761 5.166E-01
hd025940_swp54081 264.231 2.104E-01 282.786 3.219E-01
hd026326_swp20586 76.903 4.743E-01 80.143 6.290E-01
hd026356_swp29400 375.668 2.112E-01 354.021 2.771E-01
hd026571_swp19628 103.718 1.601E-01 79.085 2.183E-01
hd026670_swp20435 369.539 2.045E-01 399.267 2.729E-01
hd026676_swp34223 314.919 3.153E-01 339.833 3.614E-01
hd026912_swp22280 113.035 3.747E-01 122.258 5.155E-01
hd027192_swp49849 298.087 7.592E-02 233.504 1.879E-01
hd027295_swp49761 80.760 4.774E-01 77.967 5.183E-01
hd027376_swp53040 72.549 5.035E-01 75.065 6.039E-01
hd027742_swp46672 242.711 3.851E-01 291.839 3.873E-01
hd027778_swp21298 171.516 2.153E-01 175.603 3.046E-01
hd028149_swp45496 186.762 3.567E-01 200.266 4.250E-01
hd028446_swp22429 551.393 8.433E-02 410.031 9.882E-02
hd028459_swp18022 405.908 3.145E-01 490.932 3.006E-01
hd028497_swp08594 506.235 7.462E-02 462.786 1.226E-01
hd028843_swp07522 131.083 3.190E-01 154.780 4.250E-01
hd028843_swp21098 147.474 3.645E-01 175.585 4.480E-01
hd028867_swp49847 398.154 1.719E-01 367.205 2.029E-01
hd028873_swp53193 91.453 2.003E-01 92.114 3.848E-01
hd029248_swp04359 96.031 9.360E-02 116.754 3.121E-01
hd029335_swp39767 118.290 4.432E-01 138.722 5.342E-01
hd029763_swp02637 152.048 2.454E-01 173.900 3.935E-01
hd029763_swp45931 139.604 2.642E-01 156.076 3.978E-01
hd029866_swp10047 361.998 2.439E-01 378.364 3.093E-01
hd030836_swp02358 108.792 1.202E-01 123.431 3.289E-01
hd031237_swp21998 151.663 1.187E-01 172.680 2.750E-01
hd031327_swp21280 96.512 1.292E-01 109.615 2.794E-01
hd031331_swp40502 220.278 2.640E-01 258.953 3.652E-01
hd031726_swp21681 556.626 6.995E-02 124.761 2.779E-01
hd032249_swp48993 107.221 2.228E-01 136.993 3.581E-01
hd032309_swp40454 407.761 2.820E-01 472.417 2.514E-01
hd032343_swp06932 132.858 2.684E-01 144.533 4.312E-01
hd032343_swp32558 128.528 3.069E-01 142.076 4.402E-01
hd032612_swp20588 123.986 1.808E-01 134.212 3.409E-01
hd032630_swp44004 150.559 2.728E-01 169.891 3.905E-01
hd032990_swp14842 148.086 1.905E-01 151.166 3.532E-01
hd032990_swp21489 136.664 2.142E-01 148.557 3.507E-01
hd032991_swp14840 396.361 1.319E-01 318.023 2.187E-01
hd033328_swp55944 359.562 1.332E-01 373.577 2.373E-01
hd033904_swp40118 71.544 4.759E-01 70.915 5.498E-01
hd034085_swp15001 87.902 5.150E-01 89.675 5.898E-01
hd034085_swp41077 84.740 5.047E-01 90.524 5.923E-01
hd034310_swp40255 198.312 4.782E-01 217.094 4.465E-01
hd034759_swp10389 111.271 3.709E-01 120.314 5.450E-01
hd034759_swp38308 122.818 3.374E-01 135.928 4.894E-01
hd034797_swp24995 105.309 4.224E-01 110.479 4.810E-01
hd034798_swp21787 112.183 3.797E-01 116.268 5.079E-01
hd034816_swp56888 284.689 5.045E-02 132.730 1.545E-01
hd034863_swp40254 401.354 2.248E-01 426.596 2.738E-01
hd034959_swp35918 266.444 2.706E-01 345.105 3.117E-01
hd035149_swp30052 598.012 7.365E-02 489.134 1.523E-01
hd035337_swp49749 137.848 1.095E-01 109.733 2.807E-01
hd035407_swp22663 429.658 1.446E-01 428.327 2.446E-01
hd035411_swp13401 563.317 6.069E-02 260.014 1.814E-01
hd035411_swp52811 393.552 2.860E-02 292.137 1.029E-01
hd035439_swp07716 569.854 7.299E-02 479.922 1.152E-01
hd035439_swp50413 569.452 8.275E-02 491.688 1.303E-01
hd035468_swp44092 144.631 1.125E-01 134.995 2.855E-01
hd035497_swp31878 94.781 5.016E-01 101.921 5.852E-01
hd035532_swp35853 483.080 1.073E-01 424.109 2.121E-01
hd035588_swp35893 288.266 1.122E-01 267.140 2.183E-01
hd035600_swp52723 75.966 6.916E-01 77.889 7.100E-01
hd035640_swp40253 309.945 3.238E-01 333.073 2.907E-01
hd035715_swp03264 559.725 5.723E-02 281.479 1.697E-01
hd035715_swp35892 547.919 7.761E-02 407.640 1.574E-01
hd036267_swp35943 220.142 2.957E-01 233.619 3.767E-01
hd036285_swp50056 74.959 1.229E-01 110.102 3.275E-01
hd036351_swp49065 174.598 1.115E-01 157.103 2.440E-01
hd036371_swp02945 104.321 2.567E-01 99.255 4.066E-01
hd036408_swp29394 113.200 5.450E-01 119.553 5.856E-01
hd036512_swp40415 563.196 3.803E-02 112.419 1.028E-01
hd036576_swp47042 603.143 8.643E-02 447.534 1.629E-01
hd036591_swp04695 623.500 4.606E-02 177.656 2.105E-01
hd036653_swp35897 288.400 1.778E-01 280.604 2.679E-01
hd036695_swp15639 571.498 6.369E-02 369.778 1.542E-01
hd036779_swp32291 454.155 8.374E-02 318.162 2.173E-01
hd036819_swp46138 143.238 2.415E-01 166.259 3.713E-01
hd036822_swp08595 647.486 4.576E-02 146.914 1.641E-01
hd036822_swp35898 564.446 4.590E-02 171.579 1.392E-01
hd036960_swp56185 232.901 6.772E-02 125.590 1.691E-01
hd037017_swp15816 231.598 1.034E-01 237.453 2.171E-01
hd037018_swp20782 268.471 8.259E-02 226.237 1.838E-01
hd037020_swp50204 41.012 3.915E-02 167.868 -5.454E-02
hd037021_swp53178 392.255 1.399E-01 309.973 2.284E-01
hd037023_swp50205 427.046 -2.267E-02 229.472 -3.236E-02
hd037055_swp32216 170.575 2.266E-01 183.934 3.565E-01
hd037098_swp46843 110.445 4.602E-01 121.162 5.489E-01
hd037128_swp08110 476.262 4.058E-02 150.192 8.916E-02
hd037128_swp08130 501.738 4.416E-02 152.785 8.522E-02
hd037202_swp03138 124.862 1.785E-01 162.999 2.672E-01
hd037202_swp54067 132.612 2.210E-01 245.109 2.452E-01
hd037232_swp35945 500.273 7.942E-02 233.633 2.274E-01
hd037303_swp36897 504.938 8.723E-02 448.195 1.440E-01
hd037356_swp22114 143.368 1.241E-01 131.343 2.905E-01
hd037367_swp21013 98.035 1.916E-01 101.556 3.736E-01
hd037438_swp53869 95.614 2.823E-01 113.308 4.566E-01
hd037479_swp02231 195.688 5.902E-02 223.802 1.966E-01
hd037479_swp15817 406.701 9.672E-02 256.273 2.186E-01
hd037481_swp32215 425.904 6.804E-02 201.951 2.280E-01
hd037490_swp15982 511.940 8.217E-02 277.256 1.819E-01
hd037490_swp56758 481.189 7.436E-02 278.587 2.020E-01
hd037519_swp46851 295.410 3.310E-01 360.002 3.339E-01
hd037744_swp08059 479.971 6.402E-02 160.866 2.455E-01
hd037752_swp14987 82.630 4.754E-01 85.759 6.460E-01
hd037756_swp32293 156.583 1.366E-01 168.256 2.691E-01
hd037795_swp55941 335.745 1.414E-01 334.029 2.399E-01
hd037967_swp21491 272.287 1.705E-01 274.710 2.756E-01
hd038771_swp06736 715.594 4.712E-02 168.955 1.136E-01
hd038771_swp08259 580.574 4.690E-02 150.624 1.200E-01
hd038771_swp30267 677.255 5.267E-02 167.419 1.146E-01
hd038899_swp16641 84.126 6.941E-01 81.470 7.422E-01
hd039698_swp03437 452.425 6.841E-02 243.668 2.542E-01
hd039777_swp16881 121.591 1.557E-01 111.157 3.361E-01
hd039844_swp04298 69.436 5.052E-01 73.577 6.654E-01
hd040111_swp04235 604.855 7.356E-02 191.166 1.758E-01
hd040494_swp53044 110.179 2.931E-01 124.999 4.400E-01
hd040967_swp50278 142.697 1.725E-01 126.964 3.430E-01
hd041040_swp04709 119.167 4.442E-01 122.262 5.717E-01
hd041040_swp04710 115.305 4.633E-01 123.942 5.978E-01
hd041117_swp06471 122.607 6.602E-02 98.260 1.623E-01
hd041117_swp40669 516.536 4.664E-02 119.085 1.847E-01
hd041335_swp16526 488.503 7.782E-02 475.296 1.588E-01
hd041335_swp55943 439.287 6.653E-02 364.992 1.419E-01
hd041534_swp10021 158.192 2.075E-01 170.480 3.775E-01
hd041753_swp09934 106.110 2.567E-01 118.256 4.829E-01
hd042054_swp29370 306.762 2.511E-01 289.722 3.424E-01
hd042087_swp08646 503.104 6.482E-02 124.236 2.284E-01
hd042545_swp09896 432.952 1.498E-01 353.070 2.395E-01
hd042560_swp09932 448.898 1.354E-01 254.600 3.258E-01
hd042933_swp07663 527.395 5.283E-02 317.705 1.143E-01
hd043112_swp09935 564.762 4.816E-02 140.214 2.184E-01
hd043317_swp09949 190.169 1.974E-01 207.857 4.026E-01
hd043384_swp04656 115.122 1.923E-01 112.941 2.851E-01
hd043445_swp40504 334.940 3.322E-01 363.291 3.405E-01
hd043544_swp21911 437.095 1.088E-01 446.943 1.852E-01
hd044112_swp49490 337.543 1.133E-01 256.806 2.766E-01
hd044173_swp06803 389.728 1.299E-01 303.415 3.094E-01
hd044402_swp22111 122.063 2.601E-01 163.132 4.023E-01
hd044458_swp54066 382.931 9.938E-02 369.055 1.722E-01
hd044506_swp36893 505.478 7.390E-02 395.260 1.500E-01
hd044700_swp09948 73.509 3.820E-01 86.174 5.847E-01
hd044743_swp04537 585.270 4.630E-02 120.106 2.545E-01
hd044953_swp14979 82.497 3.940E-01 86.833 5.458E-01
hd045542_swp27663 237.628 2.789E-01 279.024 3.476E-01
hd045546_swp22112 183.217 1.887E-01 165.628 3.468E-01
hd045725_swp30191 510.522 8.741E-02 434.075 1.818E-01
hd045727_swp30702 428.706 6.740E-02 410.793 1.515E-01
hd045789_swp09884 215.540 1.343E-01 191.221 2.822E-01
hd045813_swp20783 175.864 2.764E-01 210.676 3.788E-01
hd045911_swp09885 84.166 1.942E-01 103.165 3.857E-01
hd045995_swp09936 499.520 7.475E-02 367.645 1.787E-01
hd046328_swp05114 554.010 3.928E-02 97.687 2.380E-01
hd046487_swp18037 383.721 1.953E-01 390.739 2.755E-01
hd046769_swp06341 102.981 3.992E-01 118.853 5.173E-01
hd046885_swp30298 93.043 6.441E-01 91.218 6.016E-01
hd047054_swp21909 319.618 2.788E-01 327.336 3.496E-01
hd047152_swp14957 323.736 3.210E-01 279.530 2.920E-01
hd047240_swp04704 644.656 7.442E-02 187.501 1.720E-01
hd047240_swp48909 666.766 4.529E-02 155.668 1.519E-01
hd047382_swp09882 618.621 3.823E-02 159.521 1.368E-01
hd047431_swp11011 160.669 4.557E-01 171.453 5.343E-01
hd047670_swp33338 217.226 3.227E-01 290.125 3.550E-01
hd047964_swp09887 93.787 5.347E-01 101.440 6.570E-01
hd048279_swp11299 678.113 5.264E-02 218.291 7.959E-02
hd048434_swp06447 635.537 4.413E-02 155.219 1.280E-01
hd048879_swp50256 158.608 2.553E-01 175.286 3.670E-01
hd048917_swp53908 444.260 5.653E-02 318.743 1.247E-01
hd048977_swp09893 90.070 2.151E-01 100.192 4.329E-01
hd049319_swp52923 331.834 2.060E-01 361.475 2.684E-01
hd049333_swp04613 104.072 2.965E-01 128.554 4.994E-01
hd049567_swp09888 130.867 2.160E-01 143.244 4.169E-01
hd049591_swp40505 189.655 5.148E-01 186.046 4.882E-01
hd049606_swp14966 82.754 4.460E-01 78.961 6.212E-01
hd050013_swp15981 599.699 7.587E-02 413.219 1.535E-01
hd050123_swp56825 215.277 3.404E-01 273.183 3.428E-01
hd050707_swp27758 541.256 4.448E-02 136.683 2.261E-01
hd050820_swp21027 114.606 2.342E-01 136.029 3.505E-01
hd051283_swp19710 461.625 9.268E-02 291.669 2.143E-01
hd051309_swp13937 92.559 2.536E-01 95.089 4.138E-01
hd052089_swp54337 116.789 9.538E-02 124.057 2.633E-01
hd052382_swp33293 734.865 6.066E-02 131.004 1.310E-01
hd052918_swp52939 565.494 8.071E-02 442.869 1.496E-01
hd053138_swp30169 92.288 1.996E-01 96.915 3.500E-01
hd053755_swp08851 630.665 5.839E-02 365.608 1.425E-01
hd053755_swp27974 615.716 8.586E-02 415.597 1.373E-01
hd053929_swp18961 73.215 5.486E-01 75.475 6.800E-01
hd053974_swp10580 750.861 5.169E-02 185.392 1.155E-01
hd054031_swp41438 82.763 3.746E-01 86.310 5.539E-01
hd054309_swp29373 378.072 9.286E-02 292.975 1.902E-01
hd054893_swp53220 82.679 2.964E-01 96.059 4.636E-01
hd055857_swp46933 595.597 8.225E-02 318.313 1.518E-01
hd055879_swp08852 680.739 2.291E-02 180.442 1.183E-01
hd056014_swp38150 531.786 6.796E-02 265.652 1.493E-01
hd056014_swp41294 573.362 7.381E-02 356.551 1.272E-01
hd056139_swp15980 172.322 2.188E-01 172.920 3.663E-01
hd056456_swp34188 377.647 3.323E-01 428.932 3.232E-01
hd058050_swp16536 557.167 9.275E-02 240.120 2.471E-01
hd058343_swp16264 97.259 3.039E-01 115.914 4.546E-01
hd058350_swp07704 98.705 3.154E-01 100.454 4.876E-01
hd058350_swp30198 92.295 3.455E-01 95.614 4.725E-01
hd058661_swp18985 80.412 3.821E-01 82.440 5.042E-01
hd058715_swp31890 310.775 3.196E-01 326.408 3.281E-01
hd058978_swp54238 620.113 6.509E-02 391.801 1.006E-01
hd059635_swp52272 85.134 3.623E-01 97.504 5.265E-01
hd060606_swp29375 334.873 1.251E-01 325.016 2.190E-01
hd060855_swp53906 452.543 1.041E-01 380.439 1.840E-01
hd061429_swp04611 151.533 4.211E-01 163.534 5.339E-01
hd062226_swp39770 95.470 3.479E-01 182.705 3.886E-01
hd063462_swp41304 502.963 8.077E-02 477.766 1.141E-01
hd063578_swp05532 535.441 5.932E-02 273.531 2.085E-01
hd063922_swp40146 151.586 7.687E-02 152.148 1.303E-01
hd064503_swp21950 428.046 1.032E-01 263.564 2.641E-01
hd064740_swp19153 505.581 8.773E-02 294.132 2.050E-01
hd064760_swp53781 640.314 5.223E-02 317.608 7.918E-02
hd064802_swp46848 112.268 1.998E-01 126.495 3.561E-01
hd065575_swp21952 102.720 2.890E-01 117.988 4.365E-01
hd065818_swp54424 560.580 8.399E-02 457.977 1.038E-01
hd065904_swp46849 250.931 2.154E-01 262.730 3.067E-01
hd066194_swp31232 436.447 9.547E-02 353.206 1.537E-01
hd067536_swp53912 465.350 7.675E-02 401.497 1.531E-01
hd067880_swp53222 100.017 2.119E-01 106.872 3.776E-01
hd067888_swp31233 94.184 4.254E-01 96.451 5.642E-01
hd068217_swp24913 251.867 1.538E-01 228.994 3.004E-01
hd068243_swp32437 446.267 8.636E-02 227.229 2.108E-01
hd068351_swp18969 78.625 4.977E-01 88.868 5.368E-01
hd068520_swp24456 77.989 5.173E-01 75.866 6.611E-01
hd068980_swp36214 470.530 8.501E-02 308.818 1.998E-01
hd069081_swp10159 449.087 6.726E-02 292.540 1.819E-01
hd069082_swp07926 109.342 1.898E-01 96.050 3.790E-01
hd070556_swp51420 124.907 1.460E-01 136.052 3.109E-01
hd070930_swp05531 549.031 6.629E-02 233.527 2.271E-01
hd072067_swp29376 285.414 1.436E-01 291.023 2.660E-01
hd072350_swp44774 275.225 2.273E-01 288.496 3.248E-01
hd074195_swp21415 75.287 3.473E-01 85.429 5.157E-01
hd074196_swp07908 402.387 2.025E-01 436.761 2.669E-01
hd074273_swp53919 342.326 7.227E-02 282.740 1.765E-01
hd074280_swp54052 151.411 1.970E-01 184.525 3.297E-01
hd074371_swp37494 101.243 3.266E-01 102.103 4.352E-01
hd074375_swp53228 111.206 9.533E-02 132.736 2.541E-01
hd074455_swp05558 613.291 6.285E-02 347.298 1.895E-01
hd074455_swp52931 495.733 7.438E-02 425.353 1.508E-01
hd074535_swp48065 83.525 3.905E-01 92.303 5.365E-01
hd074560_swp53219 79.058 4.178E-01 86.547 5.586E-01
hd074575_swp05145 95.838 8.961E-02 108.491 2.943E-01
hd074753_swp05557 641.221 5.857E-02 359.927 1.189E-01
hd075311_swp21953 440.655 1.122E-01 417.502 2.044E-01
hd075387_swp07911 88.251 1.821E-01 103.267 3.618E-01
hd075759_swp54009 737.472 1.908E-02 191.623 8.875E-02
hd076161_swp14122 402.791 1.633E-01 407.624 2.543E-01
hd076566_swp14121 81.370 3.427E-01 86.532 5.177E-01
hd076805_swp32421 115.408 4.111E-01 124.787 5.475E-01
hd078764_swp26389 502.182 8.138E-02 243.143 2.317E-01
hd079158_swp32947 96.845 4.919E-01 95.508 5.748E-01
hd079186_swp37499 98.959 2.478E-01 101.877 3.756E-01
hd079447_swp53231 66.308 3.394E-01 75.771 5.185E-01
hd079469_swp21401 133.033 4.913E-01 143.477 5.065E-01
hd079694_swp46931 265.327 2.637E-01 283.941 3.310E-01
hd079931_swp04630 109.934 5.859E-01 111.924 6.567E-01
hd081188_swp02081 119.862 1.246E-01 170.149 3.041E-01
hd083058_swp53221 397.485 8.146E-02 240.052 2.119E-01
hd083754_swp54740 194.905 2.731E-01 231.505 3.759E-01
hd083953_swp56848 395.999 1.790E-01 372.434 2.334E-01
hd085871_swp15201 623.207 5.476E-02 377.490 1.035E-01
hd086360_swp09038 159.371 6.126E-01 156.125 5.412E-01
hd086440_swp06323 76.984 4.371E-01 82.239 6.310E-01
hd086606_swp38784 602.572 5.222E-02 137.428 2.305E-01
hd086612_swp54628 252.138 1.896E-01 279.540 3.108E-01
hd087015_swp21988 417.054 1.311E-01 326.476 2.402E-01
hd087504_swp50698 103.155 6.506E-01 106.551 6.277E-01
hd087543_swp33318 321.026 2.270E-01 356.994 2.943E-01
hd087901_swp08648 372.910 2.327E-01 407.188 3.050E-01
hd087901_swp08649 437.494 2.435E-01 376.672 3.431E-01
hd087901_swp10379 382.561 2.531E-01 346.792 3.368E-01
hd087901_swp54284 403.941 2.551E-01 417.798 3.035E-01
hd088661_swp53905 448.728 6.701E-02 400.303 1.406E-01
hd088825_swp31231 175.555 3.082E-01 198.819 4.109E-01
hd089080_swp32560 272.271 3.341E-01 306.888 3.465E-01
hd089688_swp10472 370.507 1.220E-01 300.227 2.033E-01
hd089688_swp21987 362.875 1.182E-01 295.395 2.360E-01
hd089890_swp33319 122.521 3.594E-01 136.887 4.754E-01
hd090264_swp07362 103.242 3.630E-01 108.318 5.042E-01
hd090994_swp09220 127.399 4.516E-01 147.239 5.299E-01
hd091120_swp30911 327.468 3.237E-01 358.829 3.272E-01
hd091316_swp04553 643.877 5.360E-02 156.020 2.108E-01
hd091316_swp08651 584.087 6.114E-02 148.624 1.992E-01
hd091316_swp11312 663.555 5.144E-02 145.854 2.036E-01
hd091316_swp53059 589.995 4.508E-02 146.657 2.020E-01
hd091465_swp54082 380.816 1.241E-01 362.400 2.169E-01
hd091619_swp06324 88.986 3.603E-01 98.112 4.763E-01
hd092664_swp07905 93.682 3.393E-01 107.054 4.661E-01
hd093030_swp54100 598.943 4.174E-02 224.923 1.319E-01
hd093563_swp33317 272.249 3.426E-01 332.814 3.476E-01
hd093845_swp53883 95.534 2.713E-01 106.837 4.327E-01
hd096919_swp48010 87.052 6.083E-01 87.945 6.118E-01
hd098718_swp20793 397.252 1.557E-01 456.564 2.396E-01
hd100600_swp09209 229.851 2.031E-01 248.765 3.290E-01
hd100673_swp36404 206.949 5.094E-01 212.051 4.684E-01
hd100889_swp46757 255.973 4.344E-01 245.024 3.926E-01
hd101431_swp54190 177.323 5.250E-01 180.553 4.655E-01
hd102232_swp04628 80.355 4.507E-01 87.080 6.413E-01
hd103192_swp54240 110.494 4.308E-01 121.756 4.825E-01
hd104174_swp54669 356.912 4.204E-01 367.173 3.514E-01
hd104337_swp36492 564.162 7.659E-02 349.077 1.871E-01
hd105382_swp36403 114.877 2.905E-01 137.017 4.343E-01
hd105937_swp44211 159.982 2.467E-01 178.336 3.740E-01
hd106231_swp05658 249.380 1.857E-01 219.908 3.489E-01
hd106343_swp06320 675.165 5.517E-02 118.299 1.774E-01
hd106490_swp21954 454.975 8.103E-02 286.723 1.920E-01
hd106625_swp19063 82.491 5.689E-01 85.394 6.617E-01
hd106911_swp21957 363.113 2.444E-01 372.701 3.259E-01
hd106983_swp46634 114.012 2.392E-01 143.136 3.704E-01
hd107348_swp53833 313.947 3.076E-01 320.745 3.345E-01
hd108248_swp33950 655.367 5.471E-02 224.380 1.623E-01
hd108248_swp44493 471.087 5.979E-02 212.987 1.540E-01
hd108257_swp19345 327.832 1.120E-01 435.847 1.904E-01
hd108483_swp20792 362.233 1.242E-01 314.863 2.368E-01
hd109026_swp51268 219.568 2.293E-01 256.709 3.415E-01
hd109387_swp15056 296.962 2.556E-01 282.701 3.390E-01
hd109387_swp39973 214.062 2.801E-01 259.498 3.335E-01
hd109668_swp20873 209.674 1.260E-01 237.277 2.644E-01
hd109857_swp36405 321.529 2.632E-01 393.247 2.479E-01
hd109867_swp44494 592.827 6.097E-02 146.362 1.611E-01
hd110073_swp54182 65.463 4.861E-01 68.994 5.550E-01
hd110335_swp44487 271.402 2.631E-01 299.837 3.295E-01
hd110432_swp40695 400.112 7.886E-02 374.210 1.042E-01
hd110879_swp45089 326.046 1.202E-01 263.768 2.568E-01
hd111123_swp14931 568.019 5.073E-02 177.820 1.850E-01
hd111226_swp20277 136.043 4.662E-01 135.611 5.555E-01
hd111904_swp46883 82.305 5.657E-01 83.371 6.079E-01
hd111973_swp46847 105.576 1.919E-01 102.884 3.215E-01
hd112078_swp21965 446.875 1.558E-01 468.362 2.207E-01
hd112091_swp40675 277.680 2.313E-01 293.459 3.109E-01
hd112092_swp21955 103.535 2.095E-01 110.530 3.747E-01
hd113120_swp30910 492.176 6.864E-02 517.334 1.046E-01
hd113791_swp44645 92.849 1.715E-01 101.262 3.405E-01
hd113797_swp22295 204.316 5.013E-01 214.983 4.518E-01
hd113904_swp39551 82.529 3.469E-02 95.335 2.501E-02
hd116072_swp20362 330.768 1.056E-01 345.759 1.865E-01
hd116084_swp44795 96.827 1.045E-01 104.243 2.272E-01
hd116087_swp20791 310.282 1.970E-01 326.612 2.883E-01
hd118991_swp30072 399.773 3.168E-01 427.968 3.003E-01
hd119159_swp10807 524.967 5.868E-02 214.974 1.786E-01
hd120307_swp36482 204.084 9.258E-02 161.019 2.559E-01
hd120315_swp10894 210.433 1.802E-01 220.972 3.039E-01
hd120315_swp55240 181.167 2.086E-01 214.716 3.206E-01
hd120324_swp51095 255.814 1.041E-01 245.101 2.331E-01
hd120640_swp14685 93.669 2.023E-01 95.543 3.810E-01
hd120709_swp30546 65.165 4.140E-01 66.627 6.032E-01
hd120991_swp27498 574.280 6.186E-02 158.236 2.360E-01
hd121263_swp54855 465.179 8.461E-02 336.385 1.734E-01
hd121743_swp21956 139.962 1.443E-01 162.054 2.837E-01
hd121790_swp45209 191.189 1.146E-01 223.314 2.396E-01
hd122879_swp40897 649.865 2.945E-02 153.277 7.395E-02
hd122980_swp42106 87.298 1.844E-01 91.514 3.665E-01
hd125238_swp20891 483.983 1.175E-01 418.471 2.354E-01
hd125288_swp06321 80.448 5.342E-01 84.131 6.923E-01
hd125823_swp14088 88.070 2.524E-01 92.938 4.261E-01
hd126341_swp05208 109.142 1.222E-01 98.913 3.126E-01
hd127381_swp48225 158.693 1.094E-01 177.361 2.499E-01
hd127971_swp50485 207.696 3.904E-01 216.242 4.266E-01
hd127972_swp41260 427.527 4.516E-02 406.938 1.337E-01
hd128345_swp20786 257.813 2.480E-01 284.570 3.496E-01
hd129116_swp45090 231.399 1.557E-01 248.209 2.953E-01
hd132058_swp17458 563.372 5.623E-02 210.235 2.382E-01
hd132200_swp17459 88.997 1.711E-01 103.412 3.802E-01
hd132742_swp45452 128.976 6.738E-01 121.803 5.830E-01
hd133029_swp06102 72.819 4.264E-01 73.905 4.755E-01
hd133242_swp20364 261.796 2.292E-01 269.743 3.321E-01
hd134481_swp36776 217.947 5.094E-01 233.733 4.166E-01
hd134687_swp20219 73.879 2.992E-01 86.005 4.852E-01
hd135160_swp16726 333.012 7.004E-02 295.967 1.142E-01
hd135348_swp07685 139.598 2.453E-01 152.394 3.830E-01
hd136298_swp16778 551.152 6.233E-02 305.556 1.763E-01
hd136504_swp33285 189.462 1.489E-01 189.136 2.755E-01
hd136664_swp20789 286.440 1.648E-01 283.473 2.879E-01
hd137387_swp41240 480.127 6.458E-02 361.211 1.562E-01
hd137432_swp07689 117.652 4.084E-01 125.142 5.422E-01
hd138485_swp20597 414.465 1.125E-01 396.296 2.250E-01
hd138690_swp20890 498.374 8.851E-02 432.588 1.963E-01
hd138749_swp13588 400.875 1.687E-01 439.871 2.348E-01
hd138749_swp17096 401.069 1.814E-01 452.807 2.533E-01
hd138749_swp50410 444.506 1.686E-01 445.099 2.323E-01
hd138769_swp50593 108.999 2.432E-01 132.714 3.764E-01
hd139365_swp40902 330.125 1.279E-01 304.101 2.298E-01
hd139892_swp20197 514.000 1.759E-02 137.242 -3.494E-02
hd140008_swp22093 180.859 2.888E-01 192.983 3.687E-01
hd140436_swp50595 178.894 4.831E-01 186.167 4.351E-01
hd141318_swp39022 103.571 1.211E-01 114.342 2.947E-01
hd141556_swp48509 75.813 5.801E-01 72.924 5.960E-01
hd141637_swp22092 394.396 7.848E-02 383.376 1.613E-01
hd142184_swp34217 381.220 1.415E-01 447.915 2.229E-01
hd142301_swp07899 117.103 2.815E-01 140.815 4.200E-01
hd142301_swp51414 111.017 3.090E-01 138.864 4.321E-01
hd142514_swp23434 118.012 4.750E-01 130.348 5.394E-01
hd142669_swp55200 145.094 1.148E-01 187.848 2.287E-01
hd142926_swp44981 341.299 2.920E-01 391.508 3.251E-01
hd142983_swp08810 85.666 4.691E-01 97.518 4.668E-01
hd142983_swp54091 84.992 4.973E-01 86.629 4.656E-01
hd142990_swp51412 158.603 2.287E-01 183.739 3.568E-01
hd143018_swp54422 487.869 5.041E-02 394.690 1.268E-01
hd143118_swp42117 412.740 8.792E-02 343.355 1.946E-01
hd143275_swp17395 377.370 6.150E-02 252.810 1.371E-01
hd143699_swp51385 132.843 3.933E-01 146.398 5.018E-01
hd144206_swp40560 66.062 5.192E-01 65.049 5.739E-01
hd144217_swp06233 563.407 6.491E-02 386.622 1.199E-01
hd144294_swp20787 457.842 9.774E-02 463.316 1.840E-01
hd144294_swp22090 432.304 1.203E-01 408.635 2.047E-01
hd144334_swp09224 100.630 3.437E-01 110.562 4.610E-01
hd144334_swp51411 94.457 3.917E-01 112.677 4.941E-01
hd144470_swp13906 466.965 6.335E-02 244.320 1.932E-01
hd144661_swp13953 85.465 4.441E-01 88.465 5.943E-01
hd144844_swp51322 81.576 4.449E-01 71.128 5.651E-01
hd145482_swp19351 345.886 1.119E-01 280.476 2.158E-01
hd145483_swp16306 273.370 4.428E-01 292.201 4.171E-01
hd145502_swp29140 280.545 1.151E-01 237.886 2.405E-01
hd145842_swp50530 159.982 4.232E-01 170.052 4.587E-01
hd146001_swp51399 125.971 4.421E-01 144.407 4.969E-01
hd147152_swp19346 151.339 3.180E-01 174.966 4.324E-01
hd147165_swp39508 571.589 5.255E-02 165.727 1.916E-01
hd147628_swp50531 190.626 4.461E-01 198.457 4.649E-01
hd148112_swp02726 81.840 4.021E-01 91.207 4.462E-01
hd148184_swp15059 473.625 7.107E-02 237.542 1.857E-01
hd148184_swp54090 265.479 7.703E-02 245.612 1.655E-01
hd148199_swp04561 62.994 3.942E-01 67.812 5.000E-01
hd148379_swp04349 108.199 9.946E-02 102.923 2.379E-01
hd148605_swp39506 330.830 1.097E-01 289.661 2.215E-01
hd148688_swp01871 100.850 4.404E-02 104.006 1.147E-01
hd148703_swp39707 242.420 1.023E-01 171.674 2.434E-01
hd149038_swp36166 101.886 2.980E-02 105.489 4.355E-02
hd149121_swp19757 73.592 5.762E-01 66.568 5.906E-01
hd149438_swp09809 478.500 4.986E-02 215.674 1.272E-01
hd149438_swp39686 450.846 5.014E-02 225.813 1.078E-01
hd149438_swp52043 218.026 5.919E-02 221.137 9.361E-02
hd149485_swp22216 414.575 2.652E-01 422.716 3.058E-01
hd149630_swp29408 335.650 3.828E-01 350.604 3.258E-01
hd149757_swp15137 542.351 8.405E-02 552.950 7.962E-02
hd149822_swp18973 95.866 2.868E-01 96.115 3.041E-01
hd150168_swp47256 638.048 5.204E-02 177.271 1.327E-01
hd150745_swp22218 220.568 1.473E-01 213.581 2.905E-01
hd150898_swp50552 182.554 4.780E-02 145.426 1.038E-01
hd151890_swp39367 619.473 7.946E-02 420.812 1.685E-01
hd152234_swp16206 355.776 6.305E-02 131.117 1.103E-01
hd152235_swp33294 590.833 5.726E-02 124.619 1.218E-01
hd152236_swp54152 123.039 4.877E-02 128.554 1.293E-01
hd152478_swp36197 433.554 1.132E-01 474.423 1.625E-01
hd152614_swp06987 155.810 5.079E-01 163.765 5.372E-01
hd153261_swp31221 497.501 8.603E-02 397.947 1.475E-01
hd153613_swp51847 207.707 3.968E-01 219.933 4.338E-01
hd154090_swp14828 722.704 3.335E-02 120.146 1.377E-01
hd155763_swp04577 87.349 5.675E-01 91.581 7.069E-01
hd156247_swp14864 171.965 1.554E-01 601.734 1.343E-01
hd156633_swp20596 544.672 1.003E-01 294.426 2.334E-01
hd157038_swp30759 163.061 1.530E-01 100.590 2.581E-01
hd157042_swp29404 477.307 8.871E-02 478.167 1.550E-01
hd157056_swp04430 110.485 1.175E-01 105.745 2.980E-01
hd157246_swp54241 734.473 3.978E-02 274.348 8.453E-02
hd157741_swp17999 414.185 3.274E-01 415.122 3.131E-01
hd158408_swp31685 157.616 1.235E-01 182.256 2.745E-01
hd158427_swp50432 356.655 1.014E-01 374.307 1.652E-01
hd158643_swp54144 266.038 3.994E-01 256.707 3.354E-01
hd158926_swp20627 436.549 7.440E-02 280.829 2.018E-01
hd159975_swp02724 145.150 5.313E-01 154.969 5.717E-01
hd160578_swp04348 527.278 5.245E-02 256.285 1.983E-01
hd160762_swp05720 69.885 3.085E-01 78.848 5.191E-01
hd160762_swp29958 73.729 3.230E-01 80.311 4.984E-01
hd162374_swp14091 95.065 3.145E-01 109.030 4.905E-01
hd162732_swp44980 88.976 5.695E-01 101.427 5.072E-01
hd163955_swp48332 195.220 5.789E-01 205.604 4.395E-01
hd164284_swp15482 349.359 8.552E-02 401.071 1.557E-01
hd164284_swp55946 496.272 5.831E-02 456.552 9.789E-02
hd164353_swp04267 87.975 3.537E-01 91.504 5.103E-01
hd164402_swp54242 188.229 5.835E-02 144.999 1.029E-01
hd164637_swp42280 732.887 3.282E-02 136.828 1.209E-01
hd164852_swp29534 236.518 1.782E-01 253.793 2.748E-01
hd165024_swp06020 611.905 6.585E-02 195.574 2.138E-01
hd165174_swp05228 697.342 4.005E-02 216.957 3.011E-02
hd165516_swp48276 622.613 6.695E-02 153.833 1.925E-01
hd165793_swp50429 129.632 9.379E-02 125.050 2.169E-01
hd166014_swp20852 205.768 4.488E-01 220.118 3.727E-01
hd166182_swp41861 100.022 1.624E-01 117.800 3.200E-01
hd166469_swp48396 71.908 4.490E-01 71.755 4.843E-01
hd166596_swp18143 585.903 8.024E-02 302.373 1.851E-01
hd166937_swp07080 100.115 4.794E-01 100.025 5.319E-01
hd166937_swp26610 94.963 5.042E-01 92.548 5.215E-01
hd167128_swp31220 134.189 2.332E-01 148.869 3.643E-01
hd167264_swp24190 646.767 4.101E-02 182.173 8.757E-02
hd167756_swp30452 648.985 4.428E-02 142.429 1.190E-01
hd168905_swp57019 371.632 1.119E-01 345.745 1.939E-01
hd169022_swp44754 237.326 4.692E-01 251.086 3.772E-01
hd169033_swp19929 242.809 2.815E-01 245.304 3.232E-01
hd169467_swp39861 83.498 3.507E-01 90.921 5.234E-01
hd170235_swp36202 330.921 1.011E-01 269.610 1.998E-01
hd170740_swp18314 121.554 1.742E-01 134.720 3.190E-01
hd171406_swp54738 349.200 1.813E-01 345.120 2.566E-01
hd171961_swp45848 98.463 5.172E-01 102.490 5.989E-01
hd172044_swp03013 78.251 3.120E-01 80.682 4.402E-01
hd172167_swp42521 81.837 9.167E-01 74.933 5.868E-01
hd172167_swp45285 85.823 8.520E-01 74.655 5.927E-01
hd172910_swp54739 80.053 2.309E-01 86.947 4.193E-01
hd173300_swp34012 82.073 6.277E-01 82.907 6.978E-01
hd173948_swp33589 571.448 7.266E-02 247.929 1.813E-01
hd174237_swp14703 233.808 1.619E-01 251.569 2.895E-01
hd174237_swp51040 276.802 1.524E-01 268.624 2.541E-01
hd174632_swp44787 130.227 5.816E-01 126.867 5.945E-01
hd174638_swp35836 188.689 1.098E-01 293.037 -1.216E-01
hd175156_swp04479 66.841 4.960E-01 69.108 6.599E-01
hd175156_swp23985 77.102 4.136E-01 76.338 5.237E-01
hd175362_swp44757 72.378 3.825E-01 75.623 5.359E-01
hd175640_swp13510 75.478 4.683E-01 72.894 5.285E-01
hd176162_swp21008 80.108 3.697E-01 89.145 5.082E-01
hd176437_swp24358 117.983 6.936E-01 119.067 5.884E-01
hd177003_swp54674 74.705 2.868E-01 79.481 4.767E-01
hd177756_swp18018 240.552 4.108E-01 260.826 4.237E-01
hd177863_swp48407 116.830 5.233E-01 119.415 5.830E-01
hd178125_swp14866 106.471 5.426E-01 111.723 6.264E-01
hd178175_swp15058 281.484 1.592E-01 243.906 2.787E-01
hd178175_swp19928 218.801 1.155E-01 207.777 2.544E-01
hd178475_swp20851 317.345 2.245E-01 353.371 3.214E-01
hd179406_swp13865 215.504 1.608E-01 235.261 2.897E-01
hd179406_swp36940 244.497 1.850E-01 287.629 2.903E-01
hd179761_swp20176 72.299 6.136E-01 72.561 7.190E-01
hd180163_swp50600 75.784 3.341E-01 85.633 5.085E-01
hd180554_swp55228 129.824 3.164E-01 151.211 4.395E-01
hd180968_swp15214 572.898 6.834E-02 372.996 1.178E-01
hd180968_swp45641 573.913 6.353E-02 311.900 9.570E-02
hd181182_swp51044 163.491 4.500E-01 192.920 4.724E-01
hd181558_swp47819 73.231 5.209E-01 76.309 6.566E-01
hd181615_swp26881 105.974 2.865E-01 116.893 2.935E-01
hd181858_swp06037 74.516 4.011E-01 85.771 6.065E-01
hd181869_swp44759 117.575 6.056E-01 117.533 6.160E-01
hd182180_swp39596 385.488 1.222E-01 406.329 2.036E-01
hd182308_swp13512 65.653 4.143E-01 67.974 5.511E-01
hd183056_swp14982 116.746 3.839E-01 140.993 4.985E-01
hd183362_swp31218 387.492 1.299E-01 392.285 2.127E-01
hd184171_swp48876 77.856 3.966E-01 81.925 5.391E-01
hd184279_swp06034 106.449 1.121E-01 124.661 2.303E-01
hd184606_swp04559 369.959 2.698E-01 332.774 3.425E-01
hd185037_swp26897 427.971 2.190E-01 385.698 2.425E-01
hd185330_swp18992 68.909 4.892E-01 69.025 6.626E-01
hd185859_swp14207 563.481 4.641E-02 143.768 1.354E-01
hd185915_swp14208 117.632 4.381E-01 125.629 5.392E-01
hd186122_swp09528 66.476 5.088E-01 61.632 6.383E-01
hd186500_swp50991 163.748 4.058E-01 168.775 4.640E-01
hd186882_swp09597 227.056 4.845E-01 227.963 4.490E-01
hd186882_swp14844 223.681 5.280E-01 217.571 4.873E-01
hd186994_swp05654 559.001 5.818E-02 224.658 1.080E-01
hd187235_swp26896 428.986 3.018E-01 450.394 3.100E-01
hd187567_swp36401 503.883 8.935E-02 343.641 1.845E-01
hd187811_swp21488 391.083 1.662E-01 369.842 2.634E-01
hd187879_swp06605 463.171 6.110E-02 177.832 2.423E-01
hd187879_swp38552 456.383 6.669E-02 210.813 2.324E-01
hd188439_swp10852 675.015 4.584E-02 332.057 7.988E-02
hd188665_swp08919 179.182 3.195E-01 183.802 4.455E-01
hd188892_swp20974 90.023 4.688E-01 92.313 6.124E-01
hd189103_swp52095 79.611 2.887E-01 89.107 4.593E-01
hd189395_swp04966 240.688 3.840E-01 256.114 4.003E-01
hd189687_swp19936 295.082 1.123E-01 316.861 2.054E-01
hd190229_swp04962 67.447 4.986E-01 65.043 6.469E-01
hd190603_swp14942 275.949 5.551E-02 148.613 1.472E-01
hd190993_swp09960 187.553 2.356E-01 214.572 3.613E-01
hd191456_swp06136 659.961 5.007E-02 138.528 1.998E-01
hd191610_swp08600 432.436 1.169E-01 402.955 1.913E-01
hd191610_swp37154 387.661 1.173E-01 382.219 1.954E-01
hd191877_swp14825 724.941 5.729E-02 227.995 1.629E-01
hd192907_swp05719 81.250 7.431E-01 74.689 7.033E-01
hd193237_swp43339 68.810 -3.245E-02 132.776 -8.907E-02
hd193911_swp29406 244.932 3.475E-01 252.404 4.125E-01
hd194092_swp16213 441.084 5.319E-02 243.135 1.282E-01
hd194335_swp52946 508.866 8.533E-02 482.941 1.444E-01
hd194636_swp47832 82.631 5.858E-01 85.530 6.799E-01
hd195810_swp52067 96.398 5.390E-01 101.655 6.307E-01
hd196426_swp19759 72.172 6.205E-01 68.531 7.102E-01
hd196519_swp48309 224.914 4.144E-01 263.037 3.664E-01
hd196740_swp18017 388.998 1.713E-01 415.564 2.592E-01
hd196867_swp24451 181.026 5.109E-01 193.519 4.955E-01
hd197018_swp14051 92.682 4.451E-01 95.092 5.918E-01
hd197511_swp10844 98.171 2.388E-01 114.712 4.508E-01
hd197702_swp11290 583.461 8.662E-02 509.495 1.040E-01
hd197770_swp49267 125.510 7.863E-02 158.886 2.474E-01
hd198174_swp51082 95.103 4.010E-01 96.203 4.699E-01
hd198183_swp14209 177.915 3.166E-01 181.281 4.389E-01
hd198183_swp25780 161.779 3.434E-01 175.808 4.209E-01
hd198478_swp13907 103.272 1.622E-01 104.969 2.922E-01
hd198478_swp38688 102.977 1.627E-01 94.671 2.878E-01
hd198625_swp36195 338.854 1.597E-01 370.537 2.551E-01
hd198667_swp14045 79.856 6.492E-01 76.994 6.825E-01
hd198820_swp08331 85.773 3.927E-01 85.563 5.758E-01
hd198820_swp19872 91.904 3.853E-01 96.935 5.439E-01
hd199081_swp10841 279.134 1.898E-01 249.055 3.303E-01
hd199140_swp05600 527.814 5.689E-02 157.790 2.136E-01
hd199140_swp52885 523.015 5.386E-02 107.004 2.688E-01
hd199218_swp30071 362.403 2.283E-01 420.403 2.655E-01
hd199478_swp15552 94.391 4.157E-01 98.973 4.957E-01
hd199661_swp10845 493.606 1.045E-01 215.305 3.361E-01
hd199955_swp10862 171.473 2.995E-01 172.867 4.402E-01
hd200120_swp17094 466.807 5.909E-02 477.370 9.329E-02
hd200120_swp52944 413.868 7.771E-02 533.104 1.123E-01
hd200310_swp10853 456.658 6.718E-02 439.932 1.329E-01
hd201345_swp15004 696.527 4.828E-02 202.881 1.187E-01
hd201908_swp45273 157.129 5.336E-01 149.377 4.968E-01
hd202214_swp21011 242.603 6.202E-02 115.576 1.603E-01
hd202654_swp22646 173.291 1.845E-01 217.686 3.046E-01
hd202753_swp52920 82.821 5.108E-01 91.307 6.275E-01
hd202904_swp08601 309.155 1.378E-01 297.079 2.534E-01
hd203245_swp22755 119.963 4.683E-01 127.973 5.677E-01
hd203467_swp42020 235.755 2.035E-01 257.946 3.026E-01
hd203532_swp16399 105.937 3.773E-01 124.620 4.956E-01
hd203664_swp07355 647.406 5.914E-02 338.021 1.322E-01
hd204172_swp06481 553.664 5.195E-02 155.236 1.143E-01
hd204172_swp48946 180.726 6.556E-02 150.602 1.100E-01
hd204770_swp08922 265.392 2.565E-01 290.103 3.228E-01
hd205021_swp04609 558.674 3.905E-02 168.566 1.843E-01
hd205021_swp06235 479.022 4.823E-02 120.349 2.091E-01
hd205021_swp52941 493.305 4.211E-02 157.999 1.740E-01
hd205139_swp46540 539.765 5.629E-02 138.061 1.924E-01
hd205637_swp34400 195.877 1.843E-01 236.937 2.717E-01
hd206165_swp06336 514.086 7.151E-02 112.665 2.362E-01
hd206540_swp14023 73.217 5.667E-01 74.904 6.924E-01
hd206672_swp24332 134.705 2.471E-01 162.831 3.806E-01
hd207330_swp09210 98.954 2.255E-01 110.676 3.948E-01
hd207971_swp44768 96.052 6.161E-01 97.157 6.625E-01
hd208057_swp05909 166.697 2.179E-01 171.636 3.829E-01
hd208057_swp33664 143.557 2.463E-01 165.219 3.877E-01
hd208501_swp04217 99.885 2.856E-01 90.926 3.046E-01
hd208682_swp52942 475.087 9.139E-02 414.326 1.417E-01
hd209008_swp20593 75.249 4.062E-01 83.487 5.751E-01
hd209014_swp31219 351.652 2.644E-01 407.014 2.825E-01
hd209409_swp05912 324.523 2.823E-01 309.423 3.607E-01
hd209409_swp39200 246.381 3.122E-01 307.847 3.325E-01
hd209419_swp08921 79.876 4.946E-01 82.962 6.518E-01
hd209459_swp21398 73.460 7.458E-01 71.014 6.989E-01
hd209522_swp52358 490.473 1.026E-01 430.928 1.863E-01
hd209952_swp48408 323.586 2.450E-01 318.626 3.083E-01
hd210129_swp44770 190.844 3.105E-01 185.169 3.980E-01
hd210191_swp23304 73.731 2.309E-01 78.570 4.367E-01
hd210424_swp09041 72.911 5.889E-01 73.104 7.078E-01
hd211924_swp15217 92.272 4.693E-01 101.575 6.051E-01
hd212120_swp26322 120.056 4.280E-01 124.622 5.298E-01
hd212454_swp14974 89.935 4.847E-01 89.760 6.323E-01
hd212571_swp07009 511.892 6.901E-02 427.871 1.135E-01
hd212571_swp54752 567.948 5.896E-02 366.725 9.050E-02
hd212581_swp26185 306.876 4.537E-01 328.737 3.545E-01
hd212978_swp06237 225.157 1.152E-01 206.577 2.328E-01
hd213420_swp20267 142.324 1.264E-01 153.063 2.874E-01
hd214168_swp49149 506.647 6.580E-02 419.368 1.222E-01
hd214240_swp44796 104.874 3.427E-01 115.337 4.754E-01
hd214923_swp42071 214.275 4.214E-01 220.596 4.105E-01
hd214993_swp05407 597.991 5.063E-02 184.456 2.154E-01
hd215573_swp29817 74.870 5.758E-01 74.874 7.111E-01
hd216200_swp09205 306.892 1.076E-01 297.100 2.224E-01
hd216494_swp55266 120.473 4.838E-01 126.500 5.203E-01
hd216916_swp05361 547.632 5.502E-02 105.369 2.816E-01
hd217101_swp18309 249.769 1.099E-01 218.169 2.399E-01
hd217543_swp33666 307.010 1.027E-01 385.904 1.878E-01
hd217675_swp52943 258.835 2.252E-01 276.702 3.104E-01
hd217833_swp14972 75.814 3.980E-01 81.386 5.562E-01
hd217891_swp15512 132.333 3.951E-01 149.535 5.958E-01
hd218045_swp41819 175.984 6.072E-01 174.679 4.491E-01
hd218376_swp05363 581.272 5.626E-02 153.484 2.103E-01
hd219188_swp07711 704.815 5.702E-02 297.693 7.803E-02
hd219688_swp10385 418.866 1.310E-01 351.798 2.530E-01
hd219749_swp06095 122.022 3.410E-01 136.503 4.366E-01
hd220885_swp14970 103.791 4.299E-01 114.249 4.340E-01
hd221253_swp51974 213.564 1.726E-01 217.092 2.802E-01
hd221507_swp18991 77.651 4.386E-01 77.263 5.474E-01
hd222173_swp10376 108.458 5.880E-01 111.988 6.842E-01
hd222439_swp52658 228.124 4.461E-01 245.793 4.249E-01
hd222661_swp24450 208.802 5.834E-01 224.345 4.572E-01
hd223640_swp05723 79.925 4.115E-01 84.424 5.670E-01
hd223987_swp13763 177.632 6.114E-02 129.114 1.318E-01
hd224112_swp05718 91.681 2.884E-01 113.076 3.445E-01
hd224113_swp05738 117.815 4.771E-01 124.460 5.926E-01
hd224151_swp26321 322.786 7.346E-02 149.111 1.276E-01
hd224572_swp20971 398.196 7.083E-02 276.672 1.960E-01
hd224686_swp22848 326.028 3.460E-01 379.959 3.351E-01
hd225094_swp09415 124.665 1.689E-01 124.142 2.989E-01
hd225094_swp18688 109.550 1.811E-01 113.153 3.131E-01
hd225253_swp04413 70.461 4.687E-01 71.080 6.156E-01
hd269128_swp07138 155.510 1.773E-01 237.333 2.169E-01
