11 0 0
11 1 0.0037037
14 1 0.0037037
14 2 0.00740741
15 2 0.00740741
15 3 0.0111111
15 3 0.0111111
15 4 0.0148148
17 4 0.0148148
17 5 0.0185185
17 5 0.0185185
17 6 0.0222222
18 6 0.0222222
18 7 0.0259259
18 7 0.0259259
18 8 0.0296296
20 8 0.0296296
20 9 0.0333333
20 9 0.0333333
20 10 0.037037
20 10 0.037037
20 11 0.0407407
21 11 0.0407407
21 12 0.0444444
21 12 0.0444444
21 13 0.0481481
23 13 0.0481481
23 14 0.0518519
24 14 0.0518519
24 15 0.0555556
24 15 0.0555556
24 16 0.0592593
24 16 0.0592593
24 17 0.062963
24 17 0.062963
24 18 0.0666667
24 18 0.0666667
24 19 0.0703704
24 19 0.0703704
24 20 0.0740741
24 20 0.0740741
24 21 0.0777778
25 21 0.0777778
25 22 0.0814815
25 22 0.0814815
25 23 0.0851852
25 23 0.0851852
25 24 0.0888889
25 24 0.0888889
25 25 0.0925926
25 25 0.0925926
25 26 0.0962963
26 26 0.0962963
26 27 0.1
26 27 0.1
26 28 0.103704
27 28 0.103704
27 29 0.107407
27 29 0.107407
27 30 0.111111
27 30 0.111111
27 31 0.114815
27 31 0.114815
27 32 0.118519
27 32 0.118519
27 33 0.122222
27 33 0.122222
27 34 0.125926
27 34 0.125926
27 35 0.12963
27 35 0.12963
27 36 0.133333
27 36 0.133333
27 37 0.137037
28 37 0.137037
28 38 0.140741
29 38 0.140741
29 39 0.144444
30 39 0.144444
30 40 0.148148
30 40 0.148148
30 41 0.151852
31 41 0.151852
31 42 0.155556
32 42 0.155556
32 43 0.159259
33 43 0.159259
33 44 0.162963
33 44 0.162963
33 45 0.166667
35 45 0.166667
35 46 0.17037
35 46 0.17037
35 47 0.174074
36 47 0.174074
36 48 0.177778
36 48 0.177778
36 49 0.181481
37 49 0.181481
37 50 0.185185
37 50 0.185185
37 51 0.188889
38 51 0.188889
38 52 0.192593
40 52 0.192593
40 53 0.196296
41 53 0.196296
41 54 0.2
41 54 0.2
41 55 0.203704
41 55 0.203704
41 56 0.207407
41 56 0.207407
41 57 0.211111
43 57 0.211111
43 58 0.214815
44 58 0.214815
44 59 0.218519
44 59 0.218519
44 60 0.222222
45 60 0.222222
45 61 0.225926
45 61 0.225926
45 62 0.22963
47 62 0.22963
47 63 0.233333
47 63 0.233333
47 64 0.237037
48 64 0.237037
48 65 0.240741
48 65 0.240741
48 66 0.244444
49 66 0.244444
49 67 0.248148
49 67 0.248148
49 68 0.251852
50 68 0.251852
50 69 0.255556
51 69 0.255556
51 70 0.259259
52 70 0.259259
52 71 0.262963
54 71 0.262963
54 72 0.266667
54 72 0.266667
54 73 0.27037
54 73 0.27037
54 74 0.274074
54 74 0.274074
54 75 0.277778
54 75 0.277778
54 76 0.281481
55 76 0.281481
55 77 0.285185
55 77 0.285185
55 78 0.288889
55 78 0.288889
55 79 0.292593
56 79 0.292593
56 80 0.296296
56 80 0.296296
56 81 0.3
56 81 0.3
56 82 0.303704
59 82 0.303704
59 83 0.307407
59 83 0.307407
59 84 0.311111
60 84 0.311111
60 85 0.314815
60 85 0.314815
60 86 0.318519
60 86 0.318519
60 87 0.322222
60 87 0.322222
60 88 0.325926
63 88 0.325926
63 89 0.32963
64 89 0.32963
64 90 0.333333
64 90 0.333333
64 91 0.337037
64 91 0.337037
64 92 0.340741
64 92 0.340741
64 93 0.344444
66 93 0.344444
66 94 0.348148
70 94 0.348148
70 95 0.351852
74 95 0.351852
74 96 0.355556
75 96 0.355556
75 97 0.359259
79 97 0.359259
79 98 0.362963
81 98 0.362963
81 99 0.366667
82 99 0.366667
82 100 0.37037
82 100 0.37037
82 101 0.374074
85 101 0.374074
85 102 0.377778
86 102 0.377778
86 103 0.381481
86 103 0.381481
86 104 0.385185
87 104 0.385185
87 105 0.388889
87 105 0.388889
87 106 0.392593
87 106 0.392593
87 107 0.396296
88 107 0.396296
88 108 0.4
88 108 0.4
88 109 0.403704
88 109 0.403704
88 110 0.407407
89 110 0.407407
89 111 0.411111
89 111 0.411111
89 112 0.414815
91 112 0.414815
91 113 0.418519
92 113 0.418519
92 114 0.422222
93 114 0.422222
93 115 0.425926
94 115 0.425926
94 116 0.42963
95 116 0.42963
95 117 0.433333
96 117 0.433333
96 118 0.437037
96 118 0.437037
96 119 0.440741
100 119 0.440741
100 120 0.444444
100 120 0.444444
100 121 0.448148
100 121 0.448148
100 122 0.451852
101 122 0.451852
101 123 0.455556
102 123 0.455556
102 124 0.459259
102 124 0.459259
102 125 0.462963
102 125 0.462963
102 126 0.466667
104 126 0.466667
104 127 0.47037
108 127 0.47037
108 128 0.474074
108 128 0.474074
108 129 0.477778
108 129 0.477778
108 130 0.481481
109 130 0.481481
109 131 0.485185
109 131 0.485185
109 132 0.488889
110 132 0.488889
110 133 0.492593
110 133 0.492593
110 134 0.496296
112 134 0.496296
112 135 0.5
112 135 0.5
112 136 0.503704
112 136 0.503704
112 137 0.507407
113 137 0.507407
113 138 0.511111
114 138 0.511111
114 139 0.514815
114 139 0.514815
114 140 0.518519
116 140 0.518519
116 141 0.522222
116 141 0.522222
116 142 0.525926
117 142 0.525926
117 143 0.52963
119 143 0.52963
119 144 0.533333
119 144 0.533333
119 145 0.537037
121 145 0.537037
121 146 0.540741
121 146 0.540741
121 147 0.544444
121 147 0.544444
121 148 0.548148
123 148 0.548148
123 149 0.551852
123 149 0.551852
123 150 0.555556
123 150 0.555556
123 151 0.559259
125 151 0.559259
125 152 0.562963
126 152 0.562963
126 153 0.566667
127 153 0.566667
127 154 0.57037
127 154 0.57037
127 155 0.574074
128 155 0.574074
128 156 0.577778
128 156 0.577778
128 157 0.581481
129 157 0.581481
129 158 0.585185
130 158 0.585185
130 159 0.588889
131 159 0.588889
131 160 0.592593
132 160 0.592593
132 161 0.596296
133 161 0.596296
133 162 0.6
133 162 0.6
133 163 0.603704
134 163 0.603704
134 164 0.607407
137 164 0.607407
137 165 0.611111
138 165 0.611111
138 166 0.614815
139 166 0.614815
139 167 0.618519
139 167 0.618519
139 168 0.622222
140 168 0.622222
140 169 0.625926
141 169 0.625926
141 170 0.62963
141 170 0.62963
141 171 0.633333
142 171 0.633333
142 172 0.637037
142 172 0.637037
142 173 0.640741
142 173 0.640741
142 174 0.644444
145 174 0.644444
145 175 0.648148
149 175 0.648148
149 176 0.651852
151 176 0.651852
151 177 0.655556
153 177 0.655556
153 178 0.659259
154 178 0.659259
154 179 0.662963
155 179 0.662963
155 180 0.666667
155 180 0.666667
155 181 0.67037
155 181 0.67037
155 182 0.674074
155 182 0.674074
155 183 0.677778
156 183 0.677778
156 184 0.681481
157 184 0.681481
157 185 0.685185
157 185 0.685185
157 186 0.688889
160 186 0.688889
160 187 0.692593
161 187 0.692593
161 188 0.696296
161 188 0.696296
161 189 0.7
162 189 0.7
162 190 0.703704
162 190 0.703704
162 191 0.707407
164 191 0.707407
164 192 0.711111
165 192 0.711111
165 193 0.714815
165 193 0.714815
165 194 0.718519
165 194 0.718519
165 195 0.722222
166 195 0.722222
166 196 0.725926
168 196 0.725926
168 197 0.72963
169 197 0.72963
169 198 0.733333
171 198 0.733333
171 199 0.737037
172 199 0.737037
172 200 0.740741
174 200 0.740741
174 201 0.744444
179 201 0.744444
179 202 0.748148
180 202 0.748148
180 203 0.751852
180 203 0.751852
180 204 0.755556
182 204 0.755556
182 205 0.759259
184 205 0.759259
184 206 0.762963
192 206 0.762963
192 207 0.766667
200 207 0.766667
200 208 0.77037
201 208 0.77037
201 209 0.774074
206 209 0.774074
206 210 0.777778
207 210 0.777778
207 211 0.781481
209 211 0.781481
209 212 0.785185
211 212 0.785185
211 213 0.788889
214 213 0.788889
214 214 0.792593
216 214 0.792593
216 215 0.796296
216 215 0.796296
216 216 0.8
217 216 0.8
217 217 0.803704
218 217 0.803704
218 218 0.807407
219 218 0.807407
219 219 0.811111
220 219 0.811111
220 220 0.814815
220 220 0.814815
220 221 0.818519
221 221 0.818519
221 222 0.822222
221 222 0.822222
221 223 0.825926
223 223 0.825926
223 224 0.82963
226 224 0.82963
226 225 0.833333
226 225 0.833333
226 226 0.837037
227 226 0.837037
227 227 0.840741
230 227 0.840741
230 228 0.844444
232 228 0.844444
232 229 0.848148
233 229 0.848148
233 230 0.851852
233 230 0.851852
233 231 0.855556
233 231 0.855556
233 232 0.859259
237 232 0.859259
237 233 0.862963
238 233 0.862963
238 234 0.866667
240 234 0.866667
240 235 0.87037
241 235 0.87037
241 236 0.874074
245 236 0.874074
245 237 0.877778
248 237 0.877778
248 238 0.881481
248 238 0.881481
248 239 0.885185
249 239 0.885185
249 240 0.888889
250 240 0.888889
250 241 0.892593
254 241 0.892593
254 242 0.896296
255 242 0.896296
255 243 0.9
256 243 0.9
256 244 0.903704
257 244 0.903704
257 245 0.907407
257 245 0.907407
257 246 0.911111
257 246 0.911111
257 247 0.914815
259 247 0.914815
259 248 0.918519
260 248 0.918519
260 249 0.922222
261 249 0.922222
261 250 0.925926
265 250 0.925926
265 251 0.92963
266 251 0.92963
266 252 0.933333
267 252 0.933333
267 253 0.937037
270 253 0.937037
270 254 0.940741
271 254 0.940741
271 255 0.944444
275 255 0.944444
275 256 0.948148
275 256 0.948148
275 257 0.951852
283 257 0.951852
283 258 0.955556
286 258 0.955556
286 259 0.959259
287 259 0.959259
287 260 0.962963
289 260 0.962963
289 261 0.966667
289 261 0.966667
289 262 0.97037
295 262 0.97037
295 263 0.974074
304 263 0.974074
304 264 0.977778
304 264 0.977778
304 265 0.981481
315 265 0.981481
315 266 0.985185
321 266 0.985185
321 267 0.988889
323 267 0.988889
323 268 0.992593
325 268 0.992593
325 269 0.996296
359 269 0.996296
359 270 1
