010125 32.50 3.3 -5.8
junk   31.5 3.2 -6.1
junk   31.5 3.2 -5.8
junk   31.5 3.2 -5.5
junk   31.5 3.3 -6.1
junk   31.5 3.3 -5.8
junk   31.5 3.3 -5.5
junk   31.5 3.4 -6.1
junk   31.5 3.4 -5.8
junk   31.5 3.4 -5.5
junk   32.50 3.2 -6.1
junk   32.50 3.2 -5.8
junk   32.50 3.2 -5.5
junk   32.50 3.3 -6.1
junk   32.50 3.3 -5.8
junk   32.50 3.3 -5.5
junk   32.50 3.4 -6.1
junk   32.50 3.4 -5.8
junk   32.50 3.4 -5.5
junk   33.5 3.2 -6.1
junk   33.5 3.2 -5.8
junk   33.5 3.2 -5.5
junk   33.5 3.3 -6.1
junk   33.5 3.3 -5.8
junk   33.5 3.3 -5.5
junk   33.5 3.4 -6.1
junk   33.5 3.4 -5.8
junk   33.5 3.4 -5.5
