 HD      Teff    Log(g)  Mv   log(l) r/rsol m/msol  log(Teff)
+364063  32.00   3.10  -5.90   5.52  18.80  16.24   4.51
junk     31.00   3.00  -6.20   5.61  22.16  17.94   4.49
junk     31.00   3.00  -5.90   5.49  19.30  13.61   4.49
junk     31.00   3.00  -5.60   5.37  16.81  10.32   4.49
junk     31.00   3.10  -6.20   5.61  22.16  22.58   4.49
junk     31.00   3.10  -5.90   5.49  19.30  17.13   4.49
junk     31.00   3.10  -5.60   5.37  16.81  13.00   4.49
junk     31.00   3.20  -6.20   5.61  22.16  28.43   4.49
junk     31.00   3.20  -5.90   5.49  19.30  21.57   4.49
junk     31.00   3.20  -5.60   5.37  16.81  16.36   4.49
junk     32.00   3.00  -6.20   5.64  21.58  17.01   4.51
junk     32.00   3.00  -5.90   5.52  18.80  12.90   4.51
junk     32.00   3.00  -5.60   5.40  16.37   9.79   4.51
junk     32.00   3.10  -6.20   5.64  21.58  21.41   4.51
junk     32.00   3.10  -5.90   5.52  18.80  16.24   4.51
junk     32.00   3.10  -5.60   5.40  16.37  12.32   4.51
junk     32.00   3.20  -6.20   5.64  21.58  26.95   4.51
junk     32.00   3.20  -5.90   5.52  18.80  20.45   4.51
junk     32.00   3.20  -5.60   5.40  16.37  15.51   4.51
junk     33.00   3.00  -6.20   5.68  21.06  16.19   4.52
junk     33.00   3.00  -5.90   5.56  18.34  12.28   4.52
junk     33.00   3.00  -5.60   5.44  15.97   9.31   4.52
junk     33.00   3.10  -6.20   5.68  21.06  20.38   4.52
junk     33.00   3.10  -5.90   5.56  18.34  15.46   4.52
junk     33.00   3.10  -5.60   5.44  15.97  11.73   4.52
junk     33.00   3.20  -6.20   5.68  21.06  25.65   4.52
junk     33.00   3.20  -5.90   5.56  18.34  19.46   4.52
junk     33.00   3.20  -5.60   5.44  15.97  14.76   4.52
