 HD      Teff    Log(g)  Mv   log(l) r/rsol m/msol  log(Teff)
188209   33.00   3.10  -6.00   5.60  19.20  16.95   4.52
junk     32.00   3.00  -6.30   5.68  22.60  18.65   4.51
junk     32.00   3.00  -6.00   5.56  19.68  14.15   4.51
junk     32.00   3.00  -5.70   5.44  17.14  10.73   4.51
junk     32.00   3.10  -6.30   5.68  22.60  23.48   4.51
junk     32.00   3.10  -6.00   5.56  19.68  17.81   4.51
junk     32.00   3.10  -5.70   5.44  17.14  13.51   4.51
junk     32.00   3.20  -6.30   5.68  22.60  29.55   4.51
junk     32.00   3.20  -6.00   5.56  19.68  22.42   4.51
junk     32.00   3.20  -5.70   5.44  17.14  17.01   4.51
junk     33.00   3.00  -6.30   5.72  22.05  17.75   4.52
junk     33.00   3.00  -6.00   5.60  19.20  13.46   4.52
junk     33.00   3.00  -5.70   5.48  16.72  10.21   4.52
junk     33.00   3.10  -6.30   5.72  22.05  22.34   4.52
junk     33.00   3.10  -6.00   5.60  19.20  16.95   4.52
junk     33.00   3.10  -5.70   5.48  16.72  12.86   4.52
junk     33.00   3.20  -6.30   5.72  22.05  28.13   4.52
junk     33.00   3.20  -6.00   5.60  19.20  21.34   4.52
junk     33.00   3.20  -5.70   5.48  16.72  16.19   4.52
junk     34.00   3.00  -6.30   5.75  21.55  16.96   4.53
junk     34.00   3.00  -6.00   5.63  18.77  12.86   4.53
junk     34.00   3.00  -5.70   5.51  16.35   9.76   4.53
junk     34.00   3.10  -6.30   5.75  21.55  21.35   4.53
junk     34.00   3.10  -6.00   5.63  18.77  16.19   4.53
junk     34.00   3.10  -5.70   5.51  16.35  12.28   4.53
junk     34.00   3.20  -6.30   5.75  21.55  26.87   4.53
junk     34.00   3.20  -6.00   5.63  18.77  20.38   4.53
junk     34.00   3.20  -5.70   5.51  16.35  15.46   4.53
