 HD      Teff    Log(g)  Mv   log(l) r/rsol m/msol  log(Teff)
010125   32.50   3.30  -5.80   5.46  16.93  20.88   4.51
junk     31.50   3.20  -6.10   5.55  19.94  23.01   4.50
junk     31.50   3.20  -5.80   5.43  17.37  17.46   4.50
junk     31.50   3.20  -5.50   5.31  15.13  13.24   4.50
junk     31.50   3.30  -6.10   5.55  19.94  28.97   4.50
junk     31.50   3.30  -5.80   5.43  17.37  21.98   4.50
junk     31.50   3.30  -5.50   5.31  15.13  16.67   4.50
junk     31.50   3.40  -6.10   5.55  19.94  36.47   4.50
junk     31.50   3.40  -5.80   5.43  17.37  27.67   4.50
junk     31.50   3.40  -5.50   5.31  15.13  20.99   4.50
junk     32.50   3.20  -6.10   5.58  19.44  21.86   4.51
junk     32.50   3.20  -5.80   5.46  16.93  16.58   4.51
junk     32.50   3.20  -5.50   5.34  14.74  12.58   4.51
junk     32.50   3.30  -6.10   5.58  19.44  27.52   4.51
junk     32.50   3.30  -5.80   5.46  16.93  20.88   4.51
junk     32.50   3.30  -5.50   5.34  14.74  15.84   4.51
junk     32.50   3.40  -6.10   5.58  19.44  34.65   4.51
junk     32.50   3.40  -5.80   5.46  16.93  26.28   4.51
junk     32.50   3.40  -5.50   5.34  14.74  19.94   4.51
junk     33.50   3.20  -6.10   5.61  18.98  20.85   4.53
junk     33.50   3.20  -5.80   5.49  16.53  15.81   4.53
junk     33.50   3.20  -5.50   5.37  14.40  12.00   4.53
junk     33.50   3.30  -6.10   5.61  18.98  26.25   4.53
junk     33.50   3.30  -5.80   5.49  16.53  19.91   4.53
junk     33.50   3.30  -5.50   5.37  14.40  15.10   4.53
junk     33.50   3.40  -6.10   5.61  18.98  33.04   4.53
junk     33.50   3.40  -5.80   5.49  16.53  25.06   4.53
junk     33.50   3.40  -5.50   5.37  14.40  19.01   4.53
