+364063 32.00 3.1 -5.9
junk   31 3 -6.2
junk   31 3 -5.9
junk   31 3 -5.6
junk   31 3.1 -6.2
junk   31 3.1 -5.9
junk   31 3.1 -5.6
junk   31 3.2 -6.2
junk   31 3.2 -5.9
junk   31 3.2 -5.6
junk   32.00 3 -6.2
junk   32.00 3 -5.9
junk   32.00 3 -5.6
junk   32.00 3.1 -6.2
junk   32.00 3.1 -5.9
junk   32.00 3.1 -5.6
junk   32.00 3.2 -6.2
junk   32.00 3.2 -5.9
junk   32.00 3.2 -5.6
junk   33 3 -6.2
junk   33 3 -5.9
junk   33 3 -5.6
junk   33 3.1 -6.2
junk   33 3.1 -5.9
junk   33 3.1 -5.6
junk   33 3.2 -6.2
junk   33 3.2 -5.9
junk   33 3.2 -5.6
